0000000000  1
1000000000  1
0100000000  0
0010000000  1
1010000000  1
0110000000  0
0001000000  1
1001000000  0
1101000000  1
1011000000  1
1000100000  1
0100100000  0
1100100000  0
0010100000  0
1010100000  1
0001100000  0
1101100000  0
0011100000  1
0111100000  0
0100010000  1
1100010000  0
1010010000  1
1110010000  0
0011010000  1
1111010000  1
0000110000  1
1000110000  0
1010110000  1
1001110000  0
1101110000  0
0011110000  1
0000001000  1
0100001000  0
0010001000  0
1010001000  0
0110001000  0
1110001000  1
0001001000  0
1001001000  1
0011001000  0
1011001000  1
1111001000  0
0000101000  0
1000101000  0
0100101000  0
1100101000  1
0010101000  1
1010101000  1
1001101000  0
0111101000  0
0000011000  0
1000011000  0
0100011000  1
1100011000  1
1010011000  0
0110011000  1
0101011000  0
1011011000  1
1111011000  0
0100111000  1
0110111000  0
0001111000  1
1001111000  1
1011111000  1
0000000100  1
0110000100  0
1110000100  1
0001000100  1
0011000100  0
0111000100  0
0000100100  1
1000100100  1
0100100100  0
0010100100  1
1110100100  1
0001100100  0
0101100100  1
1101100100  1
0011100100  0
1111100100  0
0000010100  1
0100010100  0
1010010100  0
0001010100  1
0011010100  0
1011010100  0
0111010100  0
1111010100  0
0000110100  0
1000110100  1
0010110100  1
0110110100  0
0001110100  1
0101110100  0
1101110100  1
0000001100  0
1000001100  1
0100001100  1
1110001100  1
0101001100  1
1111001100  0
1000101100  1
0100101100  1
1100101100  1
0010101100  0
1010101100  0
0110101100  0
1110101100  0
0000011100  1
1100011100  1
0010011100  0
1010011100  1
0001011100  0
1001011100  1
0011011100  1
0111011100  1
0100111100  1
1010111100  0
1110111100  1
0001111100  0
0011111100  0
1111111100  0
0000000001  1
1000000001  0
0010000001  1
1001000001  0
0101000001  0
1101000001  1
0011000001  0
0111000001  1
1111000001  1
0000100001  1
1000100001  0
1110100001  0
0101100001  0
0011100001  0
0111100001  1
1111100001  0
0000010001  1
0100010001  0
1100010001  1
0010010001  0
0011010001  0
0111010001  0
1100110001  1
1010110001  0
0001110001  1
0101110001  0
1011110001  1
0111110001  1
1111110001  1
1000001001  1
0100001001  1
1100001001  1
0010001001  1
1010001001  1
0101001001  1
1101001001  1
0011001001  0
0111001001  0
0000101001  0
0100101001  0
1100101001  0
0010101001  1
1010101001  1
0110101001  1
1110101001  0
0001101001  0
0101101001  1
1101101001  1
0011101001  0
0000011001  0
1000011001  1
1100011001  0
0010011001  1
0001011001  1
0011011001  1
1000111001  0
0100111001  1
0010111001  1
0110111001  0
1110111001  1
1101111001  0
0011111001  0
1011111001  1
0111111001  1
1111111001  1
0000000101  0
1000000101  0
0100000101  1
1100000101  1
0110000101  1
1001000101  0
0101000101  0
1011000101  1
0111000101  0
1111000101  0
0000100101  0
0010100101  1
0110100101  0
1110100101  0
0001100101  1
1001100101  1
0101100101  1
0011100101  0
1011100101  0
0111100101  1
0100010101  0
0101010101  0
0011010101  1
0111010101  1
1111010101  0
0000110101  0
1000110101  1
0100110101  1
1100110101  0
0010110101  1
0110110101  1
0011110101  1
0000001101  0
1100001101  1
1010001101  0
1101001101  0
0011001101  0
0111001101  1
0100101101  1
1100101101  0
1010101101  0
1110101101  0
0001101101  1
1001101101  1
0111101101  1
1111101101  0
0000011101  1
1100011101  0
0110011101  0
1110011101  0
1001011101  0
0101011101  0
0111011101  0
1111011101  0
1000111101  0
1100111101  1
1010111101  1
0001111101  0
1001111101  1
0101111101  0
0011111101  0
1100000011  1
0010000011  0
0110000011  1
1110000011  0
1001000011  1
0101000011  0
1101000011  1
0011000011  1
1011000011  1
0111000011  0
1000100011  0
1110100011  1
0101100011  1
0011100011  0
1011100011  0
1111100011  1
0010010011  0
1010010011  1
1110010011  1
0101010011  0
0011010011  1
1111010011  0
0000110011  0
1000110011  0
1100110011  0
0010110011  0
0110110011  1
0001110011  1
0111110011  0
1100001011  1
0010001011  0
1010001011  0
1110001011  0
0001001011  0
1101001011  1
0011001011  0
1011001011  0
0111001011  1
1010101011  0
0011101011  1
1011101011  1
0100011011  1
0010011011  1
0110011011  1
1110011011  1
0101011011  1
1111011011  0
0000111011  1
0100111011  0
0110111011  1
1001111011  0
0011111011  0
0111111011  1
1111111011  0
0000000111  0
0100000111  1
0010000111  1
1010000111  1
0110000111  0
1110000111  0
1001000111  1
0101000111  1
1101000111  1
1011000111  1
0111000111  1
0000100111  0
1000100111  0
1010100111  1
0110100111  0
1110100111  1
0001100111  0
1001100111  0
0101100111  0
1101100111  1
0011100111  0
1011100111  0
0111100111  0
1000010111  1
0100010111  0
1100010111  1
0010010111  1
1001010111  0
0101010111  1
1101010111  1
0111010111  0
0000110111  0
1000110111  1
0110110111  1
1110110111  1
1001110111  1
0101110111  1
1101110111  0
0011110111  1
0111110111  0
1111110111  0
1000001111  1
0100001111  0
1100001111  1
0010001111  0
1110001111  0
1001001111  1
0101001111  0
0000101111  1
0100101111  0
0010101111  1
1110101111  1
0001101111  1
1001101111  1
1101101111  0
0111101111  0
0100011111  0
0001011111  0
1000111111  0
0100111111  0
1010111111  1
0110111111  0
0001111111  1
1001111111  0
1101111111  0
1111111111  1
1000000010  1
0100000010  0
0010000010  1
1010000010  1
1110000010  1
1001000010  1
1101000010  1
0011000010  1
1011000010  0
0111000010  1
1111000010  0
0000100010  0
0100100010  0
0010100010  1
1110100010  1
0001100010  1
0101100010  1
0011100010  1
0111100010  0
1111100010  1
1000010010  1
0100010010  1
1100010010  1
0010010010  1
1010010010  1
0110010010  1
0001010010  1
1001010010  0
0101010010  0
0111010010  0
1000110010  1
0010110010  0
0110110010  1
1110110010  0
0001110010  1
1001110010  0
0101110010  1
0011110010  0
0000001010  0
1000001010  0
0100001010  1
1100001010  0
0010001010  0
0110001010  0
1011001010  0
0111001010  1
1111001010  0
0000101010  0
1000101010  1
0100101010  0
0010101010  0
1010101010  0
1110101010  0
0001101010  1
1001101010  0
1101101010  1
0000011010  1
0110011010  1
0001011010  0
0101011010  1
1101011010  0
0011011010  1
0111011010  0
0000111010  1
1000111010  1
0010111010  0
1010111010  1
0110111010  0
0101111010  1
1101111010  1
1111111010  0
1000000110  0
0100000110  0
0010000110  1
1010000110  1
0110000110  1
1001000110  1
1011000110  0
0111000110  0
0000100110  0
0100100110  0
1100100110  0
0110100110  0
1110100110  1
1001100110  1
1101100110  0
1011100110  1
1111100110  0
0000010110  0
0100010110  0
1010010110  0
1110010110  1
0001010110  0
1001010110  1
0101010110  0
1101010110  0
1011010110  1
0111010110  1
1111010110  0
0100110110  0
0010110110  1
0110110110  0
0001110110  1
0011110110  1
0111110110  1
1000001110  1
1100001110  0
1001001110  1
0101001110  1
1101001110  0
0111001110  1
0000101110  1
0100101110  0
1100101110  0
0010101110  1
1010101110  0
1001101110  1
1011101110  0
0010011110  0
1010011110  1
0001011110  1
1001011110  0
0101011110  1
0011011110  1
1011011110  1
0111011110  1
1010111110  0
0110111110  0
1101111110  1
0011111110  1
1011111110  1
