000000000000  1
100000000000  0
010000000000  1
110000000000  1
001000000000  1
011000000000  0
110100000000  0
101100000000  0
011100000000  1
111100000000  0
100010000000  1
010010000000  1
110010000000  0
011010000000  1
111010000000  1
000110000000  0
100110000000  0
010110000000  1
111110000000  1
000001000000  1
100001000000  0
111001000000  1
000101000000  0
100101000000  0
001101000000  1
101101000000  1
011101000000  1
100011000000  0
110011000000  1
001011000000  1
101011000000  1
111011000000  0
000111000000  1
001111000000  0
101111000000  1
011111000000  0
111111000000  0
100000100000  1
001000100000  1
101000100000  0
100100100000  1
010100100000  1
011100100000  1
111100100000  1
100010100000  1
010010100000  1
001010100000  1
011010100000  0
111010100000  0
000110100000  1
001110100000  1
101110100000  1
000001100000  0
100001100000  0
010001100000  1
101001100000  0
111001100000  0
010101100000  0
110101100000  1
001101100000  1
011101100000  1
000011100000  0
100011100000  0
001011100000  0
101011100000  1
011011100000  1
111011100000  1
110111100000  0
001111100000  1
011111100000  0
000000010000  0
110000010000  1
001000010000  1
111000010000  1
000100010000  1
000010010000  0
100010010000  0
110010010000  0
001010010000  0
101010010000  1
011010010000  1
000110010000  1
100110010000  0
010110010000  1
110110010000  1
001110010000  1
101110010000  0
100001010000  0
010001010000  0
110001010000  1
101001010000  1
011001010000  1
000101010000  1
010101010000  1
001101010000  0
101101010000  0
011101010000  1
000011010000  0
010011010000  0
001011010000  0
101011010000  1
011011010000  0
000111010000  1
001111010000  0
111111010000  0
000000110000  0
010000110000  0
110000110000  1
011000110000  0
010100110000  0
110100110000  1
101100110000  0
111100110000  1
100010110000  0
010010110000  0
101010110000  1
011010110000  0
111010110000  1
000110110000  1
100110110000  1
101110110000  0
111110110000  0
001001110000  0
101001110000  1
111001110000  1
100101110000  1
001101110000  1
111101110000  1
100011110000  0
010011110000  0
001011110000  1
011011110000  0
111011110000  1
000111110000  1
100111110000  0
010111110000  0
001111110000  1
101111110000  1
011111110000  1
111111110000  0
000000001000  0
010000001000  1
111000001000  0
100100001000  1
110100001000  0
001100001000  0
101100001000  1
111100001000  0
010010001000  0
110010001000  0
001010001000  0
100110001000  0
110110001000  0
001110001000  0
101110001000  0
000001001000  0
010001001000  0
111001001000  0
100101001000  1
010101001000  1
110101001000  0
001101001000  1
101101001000  0
000011001000  1
011011001000  1
111011001000  1
110111001000  0
001111001000  1
011111001000  1
000000101000  0
010000101000  1
001000101000  0
011000101000  0
111000101000  0
010100101000  0
110100101000  0
001100101000  1
011100101000  1
111100101000  0
100010101000  1
001010101000  1
000110101000  1
100110101000  0
110110101000  1
001110101000  1
101110101000  1
011110101000  0
010001101000  1
001001101000  0
011001101000  1
111001101000  1
100101101000  0
101101101000  1
011101101000  0
111101101000  0
100011101000  1
110011101000  0
111011101000  0
010111101000  1
001111101000  0
101111101000  0
000000011000  1
100000011000  0
010000011000  1
110000011000  1
001000011000  1
000100011000  1
100100011000  0
101100011000  0
011100011000  0
111100011000  1
100010011000  0
011010011000  1
000110011000  0
100110011000  1
010110011000  1
001110011000  0
101110011000  1
100001011000  0
010001011000  0
011001011000  0
000101011000  1
110101011000  1
101101011000  1
011101011000  0
110011011000  1
001011011000  0
101011011000  1
011011011000  1
000111011000  0
010111011000  0
110111011000  0
001111011000  0
011111011000  1
100000111000  1
110000111000  1
101000111000  0
011000111000  0
111000111000  0
000100111000  1
100100111000  1
010100111000  0
001100111000  0
101100111000  1
011100111000  0
000010111000  1
010010111000  1
011010111000  0
111010111000  0
000110111000  1
100110111000  1
010110111000  1
110110111000  1
001110111000  1
101110111000  1
010001111000  1
101001111000  1
111001111000  1
000101111000  1
100101111000  1
110101111000  1
101101111000  0
011101111000  1
111101111000  1
000011111000  1
100011111000  1
010011111000  1
001011111000  0
101011111000  0
000111111000  0
100111111000  1
011111111000  1
111111111000  1
100000000100  0
101000000100  1
011000000100  0
111000000100  1
100100000100  0
010100000100  0
001100000100  0
000010000100  0
011010000100  1
000110000100  1
010110000100  1
101110000100  0
111110000100  0
010001000100  0
110001000100  0
101001000100  0
011001000100  0
111001000100  1
010101000100  1
001101000100  0
111101000100  1
000011000100  1
010011000100  0
001011000100  1
111011000100  0
100111000100  1
001111000100  1
101111000100  0
000000100100  1
010000100100  0
110000100100  0
101000100100  0
111000100100  0
010100100100  1
100010100100  1
010010100100  0
110010100100  0
001010100100  1
000110100100  0
010110100100  0
110110100100  0
011110100100  1
010001100100  1
100101100100  1
110101100100  1
101101100100  1
001011100100  0
101011100100  0
011011100100  0
100111100100  1
010111100100  0
110111100100  0
001111100100  1
111111100100  1
110000010100  0
001000010100  0
101000010100  0
011000010100  0
000100010100  1
010100010100  0
110100010100  0
001100010100  1
011100010100  0
111100010100  0
010010010100  1
101010010100  0
011010010100  1
000110010100  0
010110010100  0
110110010100  1
001110010100  0
101110010100  0
000001010100  1
100001010100  0
010001010100  1
110001010100  1
001001010100  0
101001010100  0
111001010100  0
001101010100  1
011101010100  1
001011010100  0
101011010100  1
011011010100  1
111011010100  1
000111010100  0
010111010100  0
110111010100  1
101111010100  0
011111010100  1
000000110100  1
001000110100  0
101000110100  0
000100110100  1
010100110100  1
110100110100  1
001100110100  1
011100110100  0
111100110100  1
100010110100  1
010010110100  0
110010110100  0
011010110100  0
100110110100  1
010110110100  1
001110110100  1
100001110100  0
010001110100  0
110001110100  0
001001110100  1
101001110100  0
011001110100  1
001101110100  1
100111110100  0
110111110100  1
000000001100  0
100000001100  1
010000001100  0
001000001100  1
101000001100  1
011000001100  1
000100001100  1
110100001100  1
101100001100  1
000010001100  1
010010001100  0
110010001100  0
111010001100  1
100110001100  0
110110001100  1
101110001100  1
111110001100  1
100001001100  1
010001001100  1
110001001100  1
111001001100  1
000101001100  1
010101001100  0
110101001100  0
001101001100  0
011101001100  0
111101001100  1
100011001100  1
010011001100  1
001011001100  1
011011001100  1
111011001100  0
000111001100  0
100111001100  0
010111001100  1
110111001100  0
101111001100  1
111111001100  1
110000101100  0
001000101100  1
011000101100  0
100100101100  1
010100101100  1
110100101100  0
001100101100  0
011100101100  1
111100101100  0
100010101100  1
110010101100  0
011010101100  0
000110101100  0
010110101100  1
101110101100  0
100001101100  0
011001101100  1
111001101100  0
000101101100  1
100101101100  0
010101101100  0
110101101100  1
001101101100  1
011101101100  1
010011101100  1
001011101100  0
111011101100  0
100111101100  1
010111101100  1
110111101100  0
001111101100  1
100000011100  1
110000011100  0
111000011100  0
100100011100  1
010100011100  1
110100011100  0
001100011100  1
111100011100  1
010010011100  0
001010011100  1
011010011100  1
000110011100  1
100110011100  1
010110011100  0
001110011100  0
101110011100  1
111110011100  1
100001011100  1
000101011100  0
010101011100  0
101101011100  0
011101011100  1
000011011100  1
100011011100  0
010011011100  0
101011011100  0
011011011100  0
000111011100  1
100111011100  0
010111011100  0
011111011100  0
111111011100  1
000000111100  1
100000111100  1
010000111100  1
101000111100  0
011000111100  0
111000111100  0
100100111100  1
110100111100  0
001100111100  1
100010111100  0
001010111100  0
011010111100  1
010110111100  1
110110111100  0
001110111100  1
011110111100  0
111110111100  0
000001111100  0
100001111100  1
110001111100  1
011001111100  0
111001111100  1
000101111100  1
100101111100  1
010101111100  1
001101111100  1
011101111100  1
100011111100  1
010011111100  1
001011111100  1
111011111100  1
100111111100  1
001111111100  0
101111111100  1
011111111100  1
111111111100  0
000000000001  0
100000000001  1
110000000001  1
101000000001  0
100100000001  0
110100000001  1
101100000001  0
011100000001  0
110010000001  0
101010000001  1
011010000001  0
000110000001  0
010110000001  1
101110000001  1
011110000001  1
111110000001  1
110001000001  0
001001000001  1
101001000001  1
011001000001  0
100101000001  1
010101000001  0
101101000001  1
011101000001  0
111101000001  0
000011000001  0
010011000001  0
111011000001  1
010111000001  1
011111000001  1
000000100001  0
110000100001  0
001000100001  0
101000100001  1
111000100001  0
000100100001  1
010100100001  0
001100100001  1
111100100001  0
000010100001  0
100010100001  1
010010100001  0
110010100001  0
001010100001  0
011010100001  1
111010100001  0
000110100001  0
100110100001  1
001110100001  0
101110100001  1
111110100001  0
010001100001  0
011001100001  1
111001100001  1
000101100001  1
110101100001  1
001101100001  1
010011100001  1
001011100001  1
011011100001  1
111011100001  0
000111100001  1
010111100001  1
001111100001  0
101111100001  0
011111100001  0
100000010001  0
110000010001  0
001000010001  1
000100010001  0
100100010001  1
010100010001  1
110100010001  0
100010010001  0
010010010001  1
001010010001  0
101010010001  0
011010010001  0
111010010001  1
000110010001  0
010110010001  0
110110010001  0
101110010001  0
011110010001  0
010001010001  0
011001010001  1
010101010001  1
101101010001  0
011101010001  1
000011010001  0
111011010001  1
100111010001  0
010111010001  0
110111010001  1
001111010001  0
011111010001  0
000000110001  1
001000110001  0
101000110001  1
000100110001  0
100100110001  0
101100110001  0
111100110001  0
000010110001  0
100010110001  1
010010110001  0
110010110001  0
101010110001  1
011010110001  1
000110110001  0
100110110001  0
010110110001  1
110110110001  1
001110110001  0
011110110001  1
000001110001  0
100001110001  0
001001110001  1
011001110001  1
111001110001  0
000101110001  1
100101110001  1
101101110001  0
111101110001  0
000011110001  1
010011110001  0
001011110001  0
011011110001  1
111011110001  1
100111110001  0
010111110001  1
110111110001  0
011111110001  1
010000001001  1
110000001001  1
001000001001  0
101000001001  0
111000001001  0
110100001001  1
001100001001  0
101100001001  0
011100001001  0
000010001001  0
001010001001  0
011010001001  1
111010001001  0
000110001001  1
110110001001  1
001110001001  1
101110001001  1
011110001001  1
100001001001  1
110001001001  1
011001001001  0
000101001001  0
100101001001  0
110101001001  0
001101001001  1
011101001001  1
000011001001  1
100011001001  0
110011001001  1
101011001001  1
011011001001  1
100111001001  0
110111001001  0
001111001001  0
011111001001  0
111111001001  0
110000101001  0
101000101001  1
111000101001  1
000100101001  0
100100101001  0
001100101001  0
101100101001  0
010010101001  1
001010101001  0
101010101001  0
011010101001  0
111010101001  0
000110101001  0
010110101001  0
001110101001  1
101110101001  1
011110101001  0
111110101001  0
010001101001  1
101001101001  1
111001101001  1
000101101001  1
100101101001  0
110101101001  0
001101101001  1
101101101001  1
011101101001  0
010011101001  1
110011101001  1
011011101001  0
000111101001  1
100111101001  0
010111101001  1
001111101001  1
011111101001  0
010000011001  1
011000011001  0
010100011001  0
110100011001  0
101010011001  0
011010011001  0
111010011001  0
000110011001  0
100110011001  0
010110011001  1
001110011001  0
101110011001  0
011110011001  1
111110011001  1
000001011001  0
100001011001  1
110001011001  0
001001011001  0
101001011001  0
011001011001  1
111001011001  1
010101011001  0
101101011001  1
000011011001  1
100011011001  1
110011011001  1
001011011001  0
101011011001  0
111011011001  0
000111011001  0
010111011001  1
000000111001  0
001000111001  1
101000111001  0
011000111001  1
111000111001  0
000100111001  1
100100111001  1
010100111001  0
110100111001  0
001100111001  1
111100111001  0
100010111001  0
010010111001  0
110010111001  1
101010111001  0
111010111001  1
100110111001  0
110110111001  1
001110111001  0
101110111001  0
011110111001  1
010001111001  1
111001111001  1
100101111001  1
010101111001  0
111101111001  1
001011111001  0
101011111001  1
011011111001  0
111011111001  1
000111111001  1
110111111001  0
001111111001  1
110000000101  1
101000000101  1
011000000101  0
111000000101  1
100100000101  1
001100000101  1
000010000101  0
100010000101  1
010010000101  1
110010000101  0
101010000101  1
011010000101  1
000110000101  0
100110000101  0
110110000101  0
001110000101  1
111110000101  1
000001000101  1
010001000101  1
001001000101  1
011001000101  0
111001000101  1
110101000101  0
011101000101  1
010011000101  0
111011000101  0
000111000101  1
010111000101  0
101111000101  1
000000100101  1
001000100101  1
011000100101  1
111000100101  1
000100100101  0
100100100101  0
010100100101  0
001100100101  0
011100100101  1
000010100101  0
100010100101  1
010010100101  0
110010100101  0
001010100101  1
101010100101  0
111010100101  1
100110100101  0
100001100101  1
011001100101  1
100101100101  1
010101100101  1
101101100101  0
011101100101  0
000011100101  1
010011100101  1
110011100101  0
001011100101  0
011011100101  1
000111100101  0
110111100101  1
011111100101  1
111111100101  1
100000010101  0
010000010101  1
001000010101  0
111000010101  0
000100010101  1
110100010101  1
001100010101  1
101100010101  0
011100010101  1
000010010101  0
011010010101  1
111010010101  0
000110010101  0
100110010101  1
001110010101  1
000001010101  0
100001010101  0
010001010101  1
110001010101  1
001001010101  1
101001010101  1
111001010101  1
110101010101  1
101101010101  1
011101010101  0
111101010101  0
110011010101  1
001011010101  1
101011010101  1
011011010101  0
100111010101  0
010111010101  1
000000110101  1
010000110101  1
001000110101  0
000100110101  1
101100110101  0
000010110101  1
110010110101  1
011010110101  1
111010110101  1
010110110101  1
110110110101  0
001110110101  1
111110110101  1
001001110101  0
111001110101  1
110101110101  0
011101110101  1
000011110101  1
010011110101  0
000111110101  1
100111110101  1
010111110101  0
110111110101  0
001111110101  0
000000001101  0
100000001101  1
110000001101  0
001000001101  0
101000001101  0
011000001101  0
111000001101  0
000100001101  0
010100001101  1
101100001101  1
011100001101  0
100010001101  0
110010001101  0
101010001101  0
011010001101  0
100110001101  1
010110001101  1
011110001101  0
100001001101  1
010001001101  1
110001001101  0
011001001101  1
111001001101  0
000101001101  0
001101001101  0
111101001101  1
000011001101  0
100011001101  1
110011001101  0
111011001101  1
000111001101  1
010111001101  1
110111001101  0
001111001101  0
111111001101  0
000000101101  0
101000101101  0
011000101101  1
000100101101  1
100100101101  1
010100101101  1
001100101101  0
101100101101  1
000010101101  0
100010101101  0
010010101101  0
110010101101  0
101010101101  0
010110101101  0
110110101101  0
001110101101  0
011110101101  1
111110101101  0
000001101101  0
100001101101  1
111001101101  1
001101101101  0
100011101101  0
110011101101  1
101011101101  0
011011101101  1
000111101101  0
100111101101  0
010111101101  1
110111101101  1
001111101101  0
101111101101  1
011111101101  0
000000011101  0
100000011101  1
110000011101  0
011000011101  0
000100011101  0
110100011101  0
001100011101  0
011100011101  1
111100011101  0
000010011101  1
110010011101  0
110110011101  1
101110011101  0
010001011101  0
001001011101  0
101001011101  1
111001011101  1
000101011101  0
100101011101  1
010101011101  1
110101011101  0
101101011101  0
011101011101  1
000011011101  1
100011011101  1
010011011101  0
110011011101  1
101011011101  0
111011011101  0
000111011101  0
110111011101  1
101111011101  0
011111011101  0
111111011101  1
100000111101  0
010000111101  1
110000111101  0
001000111101  0
101000111101  0
011000111101  1
111000111101  0
000100111101  0
100100111101  0
010100111101  1
110100111101  1
001100111101  1
101100111101  0
011100111101  1
111100111101  0
010010111101  0
110010111101  0
101010111101  0
011010111101  1
111010111101  0
000110111101  0
010110111101  1
110110111101  0
001110111101  1
101110111101  1
111110111101  1
100001111101  0
010001111101  1
001001111101  1
011001111101  1
111001111101  1
100101111101  1
010101111101  0
110101111101  1
011101111101  1
001011111101  1
111011111101  1
110111111101  1
001111111101  0
111111111101  0
000000000011  1
100000000011  1
101000000011  1
111000000011  0
000100000011  1
110100000011  0
101100000011  1
010010000011  0
001010000011  1
101010000011  0
111010000011  1
110110000011  1
001001000011  0
101001000011  1
111001000011  0
000101000011  1
110101000011  1
000011000011  0
110011000011  1
011011000011  0
111011000011  1
010111000011  0
110111000011  0
001111000011  1
101111000011  0
011111000011  0
000000100011  0
100000100011  1
010000100011  1
110000100011  1
101000100011  0
000100100011  0
110100100011  1
011100100011  0
010010100011  1
011010100011  1
111010100011  1
010110100011  0
001110100011  1
011110100011  1
111110100011  1
000001100011  1
100001100011  1
101001100011  1
100101100011  1
010101100011  1
110101100011  1
111101100011  0
000011100011  1
010011100011  1
101011100011  1
000111100011  0
001111100011  0
011111100011  1
100000010011  1
010000010011  0
110000010011  0
101000010011  1
011000010011  0
111000010011  0
000100010011  1
100100010011  1
110100010011  0
001100010011  1
011100010011  0
111100010011  1
000010010011  0
010010010011  1
110010010011  0
001010010011  0
101010010011  0
011010010011  1
100110010011  0
010110010011  1
111110010011  0
000001010011  0
001001010011  0
011001010011  0
000101010011  1
100101010011  0
010101010011  1
110101010011  1
011101010011  0
100011010011  0
111011010011  1
000111010011  1
010111010011  0
111111010011  1
000000110011  1
100000110011  0
010000110011  1
001000110011  0
000100110011  0
001100110011  1
011100110011  0
111100110011  0
000010110011  0
010010110011  1
001010110011  0
011010110011  0
111010110011  1
000110110011  0
100110110011  0
010110110011  1
101110110011  0
000001110011  0
100001110011  0
001001110011  0
101001110011  1
011001110011  1
111001110011  1
110101110011  0
001101110011  1
101101110011  0
110011110011  0
001011110011  0
011011110011  0
100111110011  0
010111110011  1
101111110011  1
011111110011  1
111111110011  1
010000001011  1
011000001011  0
000100001011  0
100100001011  0
010100001011  0
110100001011  1
000010001011  1
110010001011  1
101010001011  0
011010001011  0
111010001011  1
110110001011  1
101110001011  0
111110001011  1
100001001011  0
010001001011  0
001001001011  0
101001001011  1
011001001011  0
000101001011  0
100101001011  1
010101001011  0
001101001011  0
011101001011  0
111101001011  0
000011001011  0
100011001011  1
010011001011  0
001011001011  0
100111001011  1
110111001011  0
001111001011  0
101111001011  0
011111001011  0
000000101011  0
010000101011  0
101000101011  1
011000101011  0
111000101011  0
000100101011  1
100100101011  1
110100101011  0
011100101011  0
000010101011  1
010010101011  0
110010101011  1
101010101011  0
000110101011  0
110110101011  0
001110101011  1
011110101011  1
010001101011  1
101001101011  0
011001101011  1
111001101011  0
000101101011  1
010101101011  0
001101101011  1
111101101011  1
011011101011  1
111011101011  0
110111101011  1
011111101011  0
111111101011  0
000000011011  0
010000011011  0
110000011011  0
000100011011  1
110100011011  0
100010011011  0
001010011011  1
011010011011  0
111010011011  1
100110011011  1
010110011011  1
001110011011  1
101110011011  0
011110011011  1
111110011011  1
100001011011  0
101001011011  0
011001011011  1
110101011011  1
101101011011  0
111101011011  0
000011011011  1
100011011011  1
001011011011  0
101011011011  1
100111011011  0
010111011011  0
110111011011  1
101111011011  1
111111011011  0
000000111011  0
100000111011  0
110000111011  0
011000111011  0
000100111011  0
100100111011  1
110100111011  0
001100111011  1
101100111011  0
011100111011  0
111100111011  0
000010111011  0
100010111011  1
010010111011  1
001010111011  0
011010111011  0
111010111011  0
000110111011  0
100110111011  1
010110111011  1
011110111011  1
111110111011  0
100001111011  1
010001111011  1
110001111011  0
011001111011  1
111001111011  1
000101111011  0
100101111011  1
011101111011  0
000011111011  1
100011111011  1
001011111011  0
000111111011  1
100111111011  1
001111111011  1
101111111011  1
010000000111  1
001000000111  1
101000000111  0
011000000111  1
111000000111  0
010100000111  0
110100000111  0
001100000111  1
101100000111  1
100010000111  0
010010000111  1
000110000111  1
110110000111  0
001110000111  1
101110000111  0
111110000111  1
100001000111  1
010001000111  0
110001000111  0
101001000111  0
111001000111  1
000101000111  0
100101000111  1
010101000111  0
110101000111  1
001101000111  1
101101000111  0
011101000111  1
000011000111  0
010011000111  1
101011000111  1
111011000111  1
000111000111  0
010111000111  1
001111000111  0
101111000111  0
011111000111  1
111111000111  1
000000100111  1
100000100111  0
010000100111  1
101000100111  0
011000100111  1
100100100111  1
001100100111  0
100010100111  1
001010100111  0
101010100111  0
111010100111  0
000110100111  0
110110100111  0
101110100111  1
011110100111  1
000001100111  1
110001100111  0
001001100111  1
010101100111  0
101101100111  1
011101100111  0
100011100111  1
010011100111  1
011011100111  0
111011100111  1
100111100111  0
010111100111  0
101111100111  1
011111100111  1
111111100111  0
000000010111  1
100000010111  1
010000010111  1
110000010111  1
110100010111  0
001100010111  1
101100010111  1
011100010111  0
111100010111  0
010010010111  0
101010010111  1
011010010111  0
000110010111  1
100110010111  0
110110010111  0
001110010111  1
101110010111  1
011110010111  0
111110010111  0
000001010111  1
110001010111  1
011001010111  1
000101010111  1
010101010111  1
110101010111  0
001101010111  0
101101010111  1
011101010111  0
100011010111  1
010011010111  1
001011010111  0
010111010111  0
001111010111  0
101111010111  1
000000110111  1
100000110111  0
010100110111  0
011100110111  1
111100110111  0
100010110111  1
010010110111  1
101010110111  1
000110110111  0
100110110111  0
001110110111  1
101110110111  0
111110110111  0
010001110111  1
110001110111  0
101001110111  0
011001110111  0
111001110111  1
100101110111  0
010101110111  1
100011110111  0
010011110111  0
001011110111  1
111011110111  0
000111110111  0
001111110111  1
111111110111  1
100000001111  1
010000001111  1
001000001111  1
101000001111  1
011000001111  1
000100001111  1
100100001111  1
011100001111  0
000010001111  1
100010001111  0
110010001111  1
101010001111  0
000110001111  0
011110001111  0
110001001111  1
011001001111  1
010101001111  1
001101001111  1
011101001111  0
111101001111  0
000011001111  0
100011001111  1
111011001111  0
110111001111  0
101111001111  0
011111001111  0
010000101111  1
011000101111  1
000100101111  1
100100101111  1
010100101111  1
001100101111  0
011100101111  1
111100101111  1
000010101111  1
100010101111  0
010010101111  0
110010101111  0
101010101111  1
011010101111  0
110110101111  1
001110101111  1
101110101111  0
111110101111  1
000001101111  0
110001101111  0
000101101111  1
100101101111  1
010101101111  1
110101101111  0
011101101111  1
000011101111  0
100011101111  1
011011101111  0
111011101111  0
010111101111  0
011111101111  1
111111101111  0
000000011111  0
100000011111  1
010000011111  1
101000011111  0
011000011111  1
000100011111  1
010100011111  0
001100011111  0
101100011111  0
000010011111  1
100010011111  0
010010011111  0
110010011111  0
001010011111  0
011010011111  1
111010011111  1
100110011111  0
010110011111  1
111110011111  0
010001011111  1
101001011111  0
011001011111  1
000101011111  1
100101011111  1
010101011111  1
111101011111  0
010011011111  0
001011011111  0
101011011111  0
011011011111  0
000111011111  0
100111011111  1
010111011111  1
010000111111  1
110000111111  1
001000111111  0
000100111111  1
100100111111  1
010100111111  1
101100111111  0
100010111111  1
001010111111  0
101010111111  1
011010111111  1
000110111111  0
010110111111  1
110110111111  1
100001111111  1
001001111111  0
101001111111  0
000101111111  1
100101111111  0
110101111111  1
011101111111  1
111101111111  0
000011111111  0
010011111111  1
011011111111  1
111011111111  0
000111111111  0
100111111111  0
010111111111  1
110111111111  0
000000000010  1
010000000010  1
001000000010  0
111000000010  1
100100000010  1
010100000010  0
110100000010  1
101100000010  0
101010000010  0
011010000010  1
111010000010  1
000110000010  0
100110000010  0
110110000010  1
011110000010  1
111110000010  1
100001000010  0
001001000010  0
101001000010  1
011001000010  1
001101000010  1
101101000010  1
011101000010  0
111101000010  1
100011000010  1
011011000010  0
000111000010  1
100111000010  0
110111000010  1
101111000010  0
111111000010  1
010000100010  1
110000100010  1
001000100010  1
011000100010  0
100100100010  1
110100100010  0
011100100010  0
111100100010  0
010010100010  0
001010100010  0
101010100010  0
000110100010  1
010110100010  0
110110100010  1
101110100010  0
011110100010  0
111110100010  0
000001100010  1
110001100010  0
000101100010  1
100101100010  1
001101100010  0
011101100010  1
001011100010  1
111011100010  0
000111100010  1
010111100010  0
110111100010  0
101111100010  0
111111100010  0
000000010010  0
001000010010  0
101000010010  1
100100010010  1
101100010010  1
011100010010  0
111100010010  1
010010010010  0
110010010010  0
001010010010  1
101010010010  1
011010010010  1
010110010010  1
101110010010  0
011110010010  1
100001010010  1
010001010010  0
110001010010  1
001001010010  0
011001010010  0
001101010010  0
011101010010  0
111101010010  0
000011010010  1
100011010010  0
010011010010  0
011011010010  0
000111010010  0
100111010010  1
110111010010  1
001111010010  0
101111010010  1
100000110010  1
010000110010  0
110000110010  0
101000110010  1
100100110010  1
010100110010  0
110100110010  1
101100110010  0
011100110010  1
111100110010  1
000010110010  1
001010110010  1
011010110010  0
100110110010  1
010110110010  1
110110110010  0
000001110010  0
010001110010  1
110001110010  0
101001110010  0
011001110010  0
111001110010  0
000101110010  1
100101110010  0
010101110010  0
000011110010  1
001011110010  0
101011110010  1
011011110010  1
000111110010  1
100111110010  0
010111110010  1
001111110010  1
011111110010  1
111111110010  1
000000001010  0
100000001010  0
011000001010  0
000100001010  1
100100001010  0
010100001010  1
110100001010  1
100010001010  1
010010001010  0
001010001010  0
101010001010  1
011010001010  1
000110001010  1
100110001010  1
010110001010  1
110110001010  0
001110001010  0
100001001010  0
010001001010  0
101001001010  0
011001001010  0
111001001010  0
001101001010  1
011101001010  0
111101001010  1
001011001010  0
101011001010  1
100111001010  1
010111001010  1
110111001010  1
011111001010  0
100000101010  1
010000101010  1
001000101010  0
111000101010  1
000100101010  1
010100101010  1
011100101010  1
111100101010  0
000010101010  1
100010101010  1
010010101010  0
110010101010  0
101010101010  0
111010101010  0
000110101010  1
100110101010  1
110110101010  0
001110101010  0
011110101010  1
000001101010  1
110001101010  0
101001101010  1
111001101010  0
100101101010  0
010101101010  1
001101101010  1
101101101010  0
000011101010  0
100011101010  0
010011101010  0
110011101010  0
101011101010  1
111011101010  0
000111101010  0
110111101010  1
001111101010  1
101111101010  1
001000011010  0
100100011010  0
010100011010  0
101100011010  1
011100011010  1
111100011010  1
100010011010  0
010010011010  1
001010011010  0
011010011010  1
111010011010  0
100110011010  0
110110011010  0
101110011010  1
111110011010  1
010001011010  0
110001011010  1
001001011010  0
111001011010  1
000101011010  0
101101011010  1
000011011010  1
100011011010  0
010011011010  1
001011011010  1
101011011010  0
111011011010  0
000111011010  0
110111011010  0
101111011010  0
111111011010  0
000000111010  0
110000111010  0
101000111010  1
011000111010  0
000100111010  0
110100111010  0
001100111010  0
101100111010  0
011100111010  0
000010111010  0
100010111010  0
110010111010  0
001010111010  0
011010111010  0
010110111010  0
110110111010  0
101110111010  0
011110111010  1
100001111010  0
010001111010  1
110001111010  0
001001111010  1
101001111010  0
111001111010  1
110101111010  1
100011111010  1
110011111010  0
001011111010  0
011011111010  1
111011111010  1
000111111010  0
100111111010  1
010111111010  1
101111111010  0
011111111010  0
100000000110  0
101000000110  0
011000000110  1
111000000110  0
000100000110  1
100100000110  0
010100000110  1
110100000110  1
101100000110  0
011100000110  0
111100000110  0
000010000110  0
100010000110  0
110010000110  0
101010000110  1
100110000110  0
110110000110  0
101110000110  1
111110000110  1
000001000110  0
010001000110  1
110001000110  0
011001000110  1
010101000110  0
110101000110  1
111101000110  0
100011000110  0
110011000110  0
011011000110  0
000111000110  1
001111000110  1
000000100110  1
100000100110  1
010000100110  0
000100100110  0
100100100110  0
010100100110  1
101100100110  0
000010100110  1
100010100110  1
010010100110  0
110010100110  0
101010100110  1
111010100110  0
100110100110  0
001110100110  1
011110100110  1
000001100110  1
100001100110  0
111001100110  1
000101100110  0
110101100110  1
001101100110  0
101101100110  1
011101100110  1
000011100110  0
100011100110  0
010011100110  0
110011100110  0
001011100110  0
111011100110  1
100111100110  1
001111100110  1
000000010110  1
001000010110  0
101000010110  0
011000010110  0
000100010110  1
011100010110  1
010010010110  0
101010010110  1
011010010110  0
111010010110  1
000110010110  0
010110010110  0
100001010110  1
010001010110  0
110001010110  0
101001010110  1
111001010110  0
110101010110  1
011101010110  0
111101010110  0
000011010110  1
111011010110  0
100111010110  0
001111010110  0
011111010110  1
111111010110  0
100000110110  0
010000110110  1
001000110110  1
011000110110  0
111000110110  1
000100110110  0
010100110110  0
001100110110  0
011100110110  1
111100110110  1
100010110110  0
010010110110  1
001010110110  0
101010110110  1
000110110110  1
100110110110  1
010110110110  1
000001110110  0
110001110110  1
001001110110  0
101001110110  0
011001110110  0
111001110110  1
100101110110  0
001101110110  0
101101110110  0
000011110110  0
010011110110  1
001011110110  1
011011110110  1
111011110110  0
000111110110  0
100111110110  1
010111110110  0
011111110110  1
111111110110  0
010000001110  1
110000001110  1
001000001110  1
101000001110  1
011000001110  0
111000001110  1
000100001110  1
100100001110  0
010100001110  0
110100001110  0
101100001110  0
111100001110  0
000010001110  1
010010001110  1
110010001110  1
101010001110  1
011010001110  0
111010001110  1
000110001110  1
101110001110  0
011110001110  1
000001001110  1
110001001110  1
001001001110  1
011001001110  1
000101001110  1
100101001110  0
010101001110  0
001101001110  1
101101001110  0
111101001110  1
001011001110  0
111011001110  0
010111001110  0
110111001110  1
001111001110  1
101111001110  0
111111001110  0
100000101110  1
110000101110  1
101000101110  0
011000101110  0
111000101110  0
000100101110  1
110100101110  1
111100101110  1
110010101110  0
111010101110  0
000110101110  1
001110101110  1
101110101110  0
000001101110  1
100001101110  0
010001101110  1
011001101110  1
000101101110  1
100101101110  1
010101101110  0
101101101110  1
011101101110  0
110011101110  1
001011101110  0
000111101110  0
100111101110  1
010111101110  1
110111101110  1
001111101110  1
011111101110  0
111111101110  1
000000011110  1
010000011110  1
110000011110  1
001000011110  0
101000011110  1
011000011110  0
111000011110  1
000100011110  0
110100011110  0
001100011110  1
101100011110  1
011100011110  0
111100011110  1
000010011110  0
010010011110  0
101010011110  1
011010011110  1
111010011110  1
000110011110  1
001110011110  0
000001011110  0
010001011110  1
011001011110  0
111001011110  1
100101011110  1
010101011110  1
001101011110  0
011101011110  0
111101011110  1
000011011110  1
010011011110  1
110011011110  0
001011011110  1
101011011110  0
111011011110  0
001111011110  0
101111011110  0
111111011110  1
000000111110  0
100000111110  1
110000111110  1
100100111110  1
110100111110  1
001100111110  0
101100111110  0
111100111110  1
010010111110  1
001010111110  1
000110111110  1
100110111110  0
001110111110  0
101110111110  1
011110111110  1
110001111110  1
001001111110  1
101001111110  0
000101111110  1
100101111110  0
010101111110  1
101101111110  0
000011111110  0
100011111110  0
110011111110  1
001011111110  0
000111111110  0
110111111110  0
001111111110  1
101111111110  1
