110000000  1
001000000  1
101000000  1
011000000  0
000100000  1
010100000  0
101100000  1
011100000  1
111100000  0
100010000  0
001010000  0
011010000  1
111010000  0
000110000  1
100110000  1
001110000  1
000001000  1
100001000  1
010001000  0
110001000  1
011001000  0
111001000  1
000101000  0
010101000  1
011101000  1
110011000  0
001011000  1
101011000  1
011011000  0
010111000  1
001111000  1
011111000  1
111111000  0
000000100  1
110000100  0
001000100  0
101000100  0
011000100  1
100100100  0
111100100  1
010010100  1
001010100  1
011010100  0
111010100  0
010110100  1
101110100  1
000001100  1
100001100  1
010001100  0
001001100  0
111001100  1
100101100  0
110101100  1
001101100  0
101101100  0
011101100  1
111101100  0
000011100  0
100011100  0
110011100  0
101011100  1
011011100  0
000111100  1
100111100  0
010111100  0
011111100  0
111111100  0
000000001  0
100000001  0
010000001  1
101000001  0
011000001  0
111000001  1
100100001  0
010100001  0
110100001  0
001100001  1
101100001  0
111100001  0
100010001  0
001010001  1
011010001  0
010110001  1
110110001  1
101110001  0
111110001  0
100001001  0
010001001  0
001001001  1
011001001  0
111001001  0
000101001  1
110101001  1
001101001  1
101101001  1
011101001  0
000011001  0
100011001  0
111011001  0
000111001  0
100111001  0
010111001  1
111111001  1
110000101  1
001000101  0
101000101  1
011000101  1
100100101  0
010100101  1
001100101  1
011100101  1
000010101  0
010010101  1
001010101  0
101010101  1
011010101  1
111010101  1
100110101  1
010110101  0
001110101  0
011110101  0
111110101  1
100001101  1
010001101  1
001001101  1
111001101  0
100101101  1
010101101  0
001101101  1
101101101  0
100011101  0
110011101  1
001011101  1
101011101  1
011011101  1
000111101  0
000000011  1
100000011  0
110000011  1
000100011  1
110100011  0
001100011  1
111100011  0
000010011  1
010010011  0
110010011  1
000110011  1
100110011  1
010110011  0
110110011  1
101110011  0
011110011  1
111110011  1
000001011  0
101001011  0
011001011  0
111001011  0
000101011  1
100101011  0
010101011  1
001101011  1
000011011  1
100011011  0
010011011  1
011011011  1
111011011  0
001111011  1
011111011  1
111111011  0
101000111  1
000100111  1
100100111  0
010100111  0
110100111  1
000010111  0
101010111  0
101110111  0
011110111  1
110001111  1
001001111  1
101001111  1
011001111  1
000101111  0
100101111  0
010101111  0
011101111  1
111101111  1
100011111  0
110011111  0
001011111  0
111011111  1
000111111  1
100111111  1
110111111  0
110000010  1
001000010  0
111000010  0
000100010  0
100100010  1
110100010  1
001100010  1
101100010  1
011100010  1
111100010  0
000010010  1
001010010  0
011010010  1
111010010  1
000110010  1
010110010  1
101110010  1
011110010  1
000001010  1
100001010  1
101001010  0
011001010  0
000101010  0
110101010  1
001101010  0
010011010  1
110011010  0
001011010  0
011011010  1
111011010  1
000111010  1
100111010  0
110111010  0
001111010  0
011111010  0
000000110  1
110000110  0
001000110  0
111000110  1
000100110  1
100100110  1
110100110  1
001100110  0
000010110  0
010010110  1
101010110  0
011010110  1
111010110  0
000110110  1
110110110  1
001110110  0
101110110  1
011110110  0
111110110  1
000001110  0
100001110  0
010001110  1
001001110  1
101001110  1
111001110  1
000101110  1
010101110  1
110101110  1
001101110  0
101101110  0
110011110  0
001011110  0
000111110  1
100111110  0
001111110  0
101111110  1
111111110  0
