001100110100000000  1
000101100010000000  1
111110001110000000  1
111110000001000000  0
011011100101000000  0
011000001111000000  0
101101001111000000  0
000000101111000000  1
110011001000100000  1
000001111000100000  1
111100010100100000  0
010000011010100000  1
001110110110100000  1
001010100101100000  1
011110010101100000  0
010100110101100000  1
000101110101100000  1
110011001101100000  1
001010100011100000  1
111010101001010000  1
010001000101010000  0
010011100101010000  1
111101011101010000  0
011001001011010000  1
110000101011010000  0
001010011111010000  1
111011011000110000  1
011100001100110000  0
101001000010110000  1
000001100101110000  1
001111010111110000  1
000010000100001000  0
010001110100001000  1
010000100110001000  0
111000010101001000  1
100110110101001000  0
111001111101001000  1
101000111111001000  1
011100111111001000  0
100011100100101000  0
110001101100101000  0
001001101100101000  0
110111101100101000  1
000001000001101000  0
010001100101101000  0
110001101010011000  1
000101011010011000  1
000011011010011000  1
101101100110011000  0
110000011101011000  1
111011010011011000  0
011010100111011000  0
101000010111011000  1
100010000000111000  0
100011101000111000  1
011111111001111000  0
000101110101111000  0
011101001011111000  1
100000101011111000  1
000001011100000100  0
110101100010000100  0
011111011010000100  1
010110100110000100  1
110011111110000100  0
100010001001000100  1
111101010011000100  0
101010101000100100  1
111111000010100100  1
000010101110100100  1
000001000011100100  0
011001110111100100  0
001100001100010100  0
011100010010010100  1
110110100001010100  0
001000010001010100  1
011010000101010100  0
010101101101010100  1
001100000111010100  1
001000100111010100  0
000001111111010100  1
111111000000110100  1
101100101000110100  1
111011000001110100  0
001000010001110100  1
011001100101110100  0
011101111111110100  1
000010010010001100  1
001101000001001100  1
101100001011001100  1
000110001011001100  0
000100110111001100  0
001010110000101100  0
000110111000101100  0
001100011010101100  1
101100110001101100  0
101010110001101100  0
010010001001101100  1
000100110101101100  1
011010001101101100  1
010101111101101100  1
000100110111101100  1
000111011111101100  1
010010000000011100  1
110110100000011100  0
100100011010011100  1
101111011010011100  0
011111001001011100  0
101110000101011100  0
011101101101011100  1
110111100011011100  1
000001001011011100  1
111011000000111100  0
011010010100111100  0
100001110110111100  1
110010000101111100  1
011010010101111100  0
011011010101111100  0
110101101101111100  0
000100010011111100  1
010000110111111100  1
110000001000000001  1
000010101000000001  1
101111011000000001  0
000111100100000001  0
111011110100000001  0
111000101010000001  0
111110100101000001  0
010011011011000001  1
001011010000100001  1
000101101000100001  1
101110101100100001  0
111111110010100001  0
010000100110100001  1
011011001110100001  0
010110100001100001  0
000100111101100001  1
000110010011100001  0
101001010111100001  0
110010111111100001  0
000000001000010001  1
000101111000010001  1
001010100100010001  0
010100001100010001  0
111011001100010001  0
100001110110010001  0
100000111110010001  1
001110101101010001  1
110000011011010001  1
110110111111010001  0
100000010110110001  0
001111011101110001  1
000010000011110001  1
110111011011110001  0
011010111011110001  0
111000011000001001  0
010010011010001001  0
010100001110001001  1
011110001110001001  0
010010110011001001  0
111000101011001001  0
000011000111001001  1
100111100111001001  0
010001100010101001  0
000111000110101001  0
000011001110101001  1
101001111110101001  0
110101001001101001  1
100001101001101001  1
000000000101101001  0
111000101101101001  0
101110101011101001  0
101111111000011001  1
101110011100011001  0
110010000010011001  0
100011010110011001  1
011100101110011001  1
110101111110011001  1
111100010101011001  1
011000100011011001  1
000110110011011001  0
010011001011011001  1
011111000000111001  0
000101010000111001  0
001110000100111001  1
111111001100111001  1
001111000110111001  0
010110101110111001  0
110111010101111001  0
100100011101111001  0
001111110111111001  1
000111010110000101  1
011101111110000101  0
100110101001000101  1
101101010011000101  0
111101110100100101  0
000010001100100101  1
010001101101100101  1
100010011101100101  1
100101011101100101  0
100111001010010101  1
110110111110010101  0
001101100001010101  1
011100101001010101  0
101101110101010101  0
001010011011010101  1
110110110000110101  1
111110000100110101  1
000100100010110101  0
000110000110110101  1
011011000110110101  0
100000011101110101  0
001001110111110101  0
010001011100001101  0
011011111100001101  1
110010000010001101  1
011111111010001101  1
010000000001001101  1
001010010001001101  0
101011010001001101  0
011010110001001101  1
000111110101001101  0
001100111111001101  1
001011101000101101  1
010111101100101101  1
110001010010101101  1
010110000001101101  0
110011100101101101  0
010110111101101101  1
111001011011101101  1
011100110111101101  0
101011111000011101  1
111100011110011101  1
100010101101011101  1
100001001111011101  1
010111001111011101  0
111010101111011101  0
100000111100111101  0
101001111100111101  0
010000100010111101  0
110101101010111101  1
100110111110111101  1
110111100011111101  1
011000010011111101  1
100110110011111101  0
110001111111111101  0
110101110100000011  1
110010111100000011  0
101001100010000011  1
001010011010000011  1
111001111010000011  1
011101011001000011  1
101010101101000011  0
101010001000100011  1
010010101100100011  1
010001000010100011  1
100001000001100011  0
000001111001100011  1
001001111101100011  0
000100101111100011  0
110110101000010011  1
000000100100010011  0
011101001100010011  1
110100001010010011  0
101010001010010011  1
001111000110010011  0
111010011110010011  1
110000111001010011  1
111001110101010011  1
011100101011010011  1
000110010000110011  0
010110110000110011  0
100010011100110011  1
000011110010110011  0
111100100101110011  1
010010010111110011  1
000110000010001011  0
011000100010001011  0
001111010110001011  0
111100001001001011  0
111010010101001011  1
011100101101001011  0
100011101101001011  0
100011111101001011  1
101011111011001011  1
111110101111001011  0
010110010100101011  0
100111101100101011  0
111111000001101011  1
011010100101101011  1
011010010101101011  1
111001111101101011  0
011110101011101011  0
010100011111101011  0
100111111111101011  0
011011110000011011  0
101110111110011011  1
001001100101011011  0
110110001101011011  0
111000101101011011  1
001111000011011011  1
101000000111011011  1
011100001111011011  1
011001101111011011  1
000010000000111011  1
110010100000111011  0
010100011000111011  1
110000111000111011  0
110001100010111011  1
111100010010111011  0
101000000001111011  0
010111000001111011  0
000011110011111011  1
101110000111111011  0
001001011100000111  0
111100101010000111  1
100011010110000111  0
101010111110000111  1
111111000001000111  0
110010100001000111  0
101011101001000111  1
000011011011000111  1
011011100001100111  1
001011100101100111  0
001010010011100111  1
010110010111100111  1
000001110000010111  0
001001101100010111  1
110111101100010111  1
100011100101010111  1
111110110111010111  1
010100100000110111  0
100000001000110111  1
111011100100110111  1
010111001100110111  1
101000110001110111  1
000111110001110111  1
011101010101110111  0
011111110101110111  1
100111011101110111  1
000001100011110111  1
111000001011110111  0
111011111011110111  0
111000010111110111  0
001011110000001111  0
110010001100001111  0
001010011100001111  1
011001010010001111  0
011010001010001111  0
000001101010001111  1
101100011110001111  0
100110111110001111  1
111001100111001111  0
110111101111001111  0
101110100000101111  0
011011000100101111  0
010101000110101111  0
110101010110101111  1
101110111110101111  0
100100000001101111  1
010001111001101111  0
111111001011101111  0
001011101011101111  0
011010110111101111  0
101000001111101111  0
011010110000011111  1
000110001000011111  0
000100000100011111  1
011101111100011111  0
100111100010011111  0
001110111010011111  0
000010100001011111  1
101101000101011111  1
011111011101011111  1
001101010011011111  1
110000001011011111  0
110000001111011111  0
100000011000111111  0
101010010010111111  1
000011101010111111  1
100010111010111111  1
000110101110111111  0
011011101001111111  1
110101111001111111  1
010001010101111111  0
111010110011111111  0
010011110011111111  1
110100110000000010  0
101100100100000010  0
101111110110000010  0
010100010001000010  1
010111110001000010  1
101001000101000010  1
110101011101000010  1
101110000011000010  0
110001100111000010  0
100010101111000010  1
100010110000100010  1
000011110000100010  1
001100110100100010  1
000101001010100010  1
110001001110100010  1
111000000001100010  1
101100010101100010  1
001110010101100010  0
100111010101100010  1
010111001011100010  0
110001011000010010  0
001100011100010010  0
111111110110010010  1
010111101110010010  0
000011101001010010  1
100111010101010010  0
111010111101010010  0
011011010000110010  0
111100000010110010  1
111111010010110010  1
010101101010110010  0
001101000110110010  0
101100110101110010  0
000001101101110010  1
110100111101110010  0
011001101000001010  0
010110110100001010  1
000110111100001010  1
101110011010001010  0
110001101110001010  0
010110100001001010  0
011001100101001010  0
100000011101001010  0
000001000011001010  1
010100010011001010  0
000001010011001010  0
000111010011001010  0
001010001011001010  0
101000110111001010  1
011000111111001010  1
101101001100101010  1
100110101100101010  1
011010101010101010  1
110010001110101010  0
010111101101101010  1
000100000011101010  1
111000010011101010  0
100100101011101010  1
111011101100011010  0
100111111100011010  1
011000110010011010  0
110111111110011010  0
010010010001011010  1
001101101001011010  0
000101000101011010  1
010100100111011010  0
001000111111011010  1
111010111111011010  0
011001100100111010  1
001101110010111010  0
100101111010111010  1
111110110110111010  0
000010000101111010  0
011101000101111010  1
001001110101111010  1
010110000011111010  0
001101100011111010  1
000101010000000110  1
110000000100000110  0
110011110010000110  1
000010100001000110  0
101100011011000110  0
010000011111000110  0
011000101010100110  1
100001100101100110  0
010011100011100110  1
001111101011100110  0
111100011011100110  0
110100100111100110  0
101110110111100110  1
101000100010010110  1
011011011010010110  0
010100100110010110  0
100100011011010110  1
101010111111010110  0
001010001000110110  0
101101101100110110  0
101001000010110110  0
111100011010110110  0
001011100110110110  1
101001011101110110  0
001111110011110110  1
000010001011110110  1
000000010000001110  0
101001100100001110  0
001111010010001110  1
011111101010001110  0
000111010110001110  0
110000110110001110  1
001010010101001110  1
011110001101001110  0
101110110111001110  0
001101001000101110  1
110010000100101110  1
101100110100101110  0
001101011110101110  1
111101110001101110  0
100000001101101110  0
000000111011101110  1
111000000000011110  1
111111001000011110  1
110001011000011110  0
100110111100011110  0
101010010010011110  0
111110110010011110  0
111000011110011110  0
101001100101011110  1
100011110101011110  0
010011000011011110  0
110101100011011110  0
111001011011011110  0
110100001111011110  0
100001101111011110  0
000100110000111110  1
011100101000111110  1
101010001100111110  0
111010111100111110  1
011100011010111110  1
110001010110111110  1
011001110110111110  0
001111001011111110  1
011100111011111110  0
