0010010000000000  0
0001111000000000  0
1001001100000000  1
0010101100000000  1
1110010010000000  1
0000000110000000  0
1110011110000000  0
1110101001000000  0
1100011101000000  1
0101011101000000  1
0110000011000000  0
0010101111000000  1
1000111111000000  0
0101111111000000  0
1111010000100000  1
1100111000100000  0
1001000010100000  1
0111000010100000  1
1001001010100000  0
1111101010100000  1
1100011010100000  1
0111010110100000  0
1011010001100000  1
0110011001100000  1
1101011001100000  0
0010000101100000  0
0011001101100000  0
1101101101100000  1
0010111101100000  0
1011111101100000  1
0101010111100000  1
0101000100010000  1
0101101100010000  1
1010111100010000  1
0000011110010000  0
1011100001010000  0
1110001001010000  1
1111101001010000  0
0010000101010000  0
0111000011010000  1
0000100011010000  1
0111100011010000  0
0000010011010000  1
1110110011010000  0
1111000111010000  1
1101111111010000  1
1110000000110000  1
1001101000110000  0
1101111000110000  1
1011000100110000  1
0111000010110000  1
1000111010110000  0
1111010110110000  1
1000111101110000  0
1001100011110000  1
1000010011110000  1
0010000111110000  0
0011100111110000  0
1010110111110000  1
1011110111110000  0
1101011111110000  1
1011111111110000  0
0000100000001000  1
1101011000001000  1
0111011000001000  0
0111111000001000  1
1000001010001000  0
0010001010001000  1
1011100001001000  0
0011001001001000  0
1100100101001000  1
1111100101001000  0
0101011101001000  1
0000001011001000  0
1001101011001000  0
0011111011001000  1
0011001111001000  0
0101011111001000  1
0100000100101000  1
1000111100101000  1
0001000010101000  0
1010110010101000  1
1001011010101000  0
0000111110101000  0
0111111110101000  0
0001110001101000  1
0001101001101000  0
1001111001101000  1
1011111001101000  1
1110110101101000  0
1110100011101000  1
0010001011101000  1
1001101111101000  1
0110011111101000  1
0000001000011000  0
0010001000011000  0
0111100100011000  0
0011110100011000  1
1100101100011000  1
0101111100011000  1
1010100010011000  1
0010001010011000  1
1011001010011000  0
1110010110011000  1
0000110110011000  1
0001101110011000  0
0000011110011000  1
0101000001011000  1
1101001001011000  1
0100110011011000  0
0101000111011000  0
0011110111011000  1
1011000000111000  0
1111010000111000  0
1010011000111000  0
1100010100111000  1
0000010010111000  0
0100111010111000  0
0010011110111000  0
1111001001111000  0
1111011001111000  0
1000000101111000  1
1011111101111000  0
1111010011111000  1
1011111011111000  0
1101000000000100  1
1101101100000100  0
0101101010000100  0
1111000110000100  1
0101010110000100  0
0000001110000100  0
0001101110000100  1
1011110001000100  1
0111101001000100  0
0010000101000100  1
1011010101000100  0
0100001101000100  1
1001111011000100  0
1101000111000100  0
1001110111000100  1
1001011111000100  0
1101001000100100  0
1111011000100100  0
1010100010100100  0
0100011010100100  0
0001110110100100  1
0111101110100100  0
0010000001100100  1
0001010001100100  0
1101110001100100  0
1111101101100100  1
0011010111100100  1
0000101000010100  0
1100010100010100  0
0110110100010100  1
1011001100010100  0
1011001010010100  0
0110011010010100  1
1000101110010100  0
1010101110010100  1
0101100001010100  1
1100011001010100  0
0100111001010100  1
0011010101010100  1
0100011101010100  1
0101001111010100  0
0111110000110100  1
1011101000110100  1
0000100100110100  0
1101100100110100  0
0010011100110100  0
0110110010110100  1
0011101010110100  1
0010001001110100  0
0110101001110100  0
0011111101110100  0
0100110011110100  0
0110001011110100  0
0011001011110100  1
0000011111110100  1
1010000000001100  0
1110100000001100  1
0001110000001100  0
0100101000001100  1
1010011000001100  0
0101011000001100  0
1001000100001100  0
1010100010001100  1
0100110010001100  1
1001001010001100  1
0010011010001100  1
0010011110001100  0
0000000001001100  1
1101101001001100  0
0101011001001100  0
0011110101001100  1
1101001101001100  1
0100101101001100  1
0100000011001100  0
0100110011001100  0
0010111011001100  0
0010010111001100  1
1001101111001100  1
1111001000101100  0
1111011000101100  1
0010110100101100  1
1001011100101100  0
0111011100101100  0
1101010010101100  0
1011110010101100  0
0010000110101100  0
1001001110101100  1
1010011110101100  1
0000000001101100  0
0100000101101100  0
0000110101101100  0
0000100011101100  0
0100100011101100  1
1010100011101100  1
1001001011101100  0
1000101011101100  1
0001100111101100  1
1111100111101100  1
1011010111101100  0
1100001111101100  1
0001111111101100  1
0001000110011100  1
1100101001011100  1
0101101001011100  1
1101011001011100  1
1110101101011100  0
0001101101011100  1
1111100111011100  0
0111001111011100  1
1100000000111100  1
1010100000111100  1
1000110000111100  0
0100100010111100  1
0000100110111100  0
1001100110111100  0
0010111110111100  1
1111101001111100  0
0001011001111100  0
0100110011111100  1
0100111011111100  1
1010111011111100  1
0000000000000001  0
0111110000000001  1
1101001000000001  0
1110101000000001  1
1100011100000001  1
0101001110000001  0
1001000001000001  1
1010101001000001  0
0110010101000001  1
1111010101000001  0
1000110101000001  1
1110001011000001  0
0001101011000001  1
0010011011000001  1
1011000111000001  1
1001000000100001  1
0000100000100001  1
1001001000100001  0
0101001100100001  1
0100110010100001  0
1100011110100001  1
1001111001100001  1
1100010011100001  0
1111010011100001  0
0111100111100001  0
1001010111100001  1
1011010000010001  0
0010110000010001  1
1110110000010001  1
0111110000010001  0
1001011000010001  0
0100000100010001  0
0001101100010001  1
0000010010010001  0
1011110010010001  0
0101101010010001  1
0000111001010001  0
0101100101010001  1
0100110101010001  0
1101111101010001  1
1110101011010001  1
1000011011010001  0
0111011011010001  1
0011011111010001  1
1111110000110001  1
0010101000110001  1
1100011000110001  1
0110011000110001  1
0111100010110001  1
0000110010110001  0
1011000110110001  1
1011110110110001  1
0110001110110001  0
1001100001110001  1
0001100101110001  1
1111110011110001  0
0010101011110001  0
1011011011110001  0
1110111011110001  1
0100010111110001  1
1010010000001001  0
0011010000001001  1
0010111000001001  0
0001100100001001  0
1010001100001001  1
0010100010001001  1
0011100010001001  0
0001010010001001  0
1110101110001001  1
1100000001001001  0
0010010001001001  1
1111110001001001  1
0010000101001001  1
1000001101001001  1
0110000011001001  1
1011110111001001  0
0000101111001001  0
1000011111001001  1
0000001000101001  1
0111101100101001  0
1100011100101001  1
0011110010101001  0
0001011010101001  0
1101111010101001  0
1001010110101001  1
1101010110101001  0
1011110110101001  1
0000111110101001  0
0101111110101001  1
0110000001101001  0
1001110001101001  0
1000001001101001  1
0100100011101001  1
1101001011101001  0
0011111011101001  1
0011000111101001  0
0000100111101001  0
0111100111101001  1
0101011000011001  1
1100110100011001  0
1110001010011001  1
1000000110011001  1
1100010110011001  1
0000010101011001  0
1111001101011001  1
1001101101011001  0
1101000011011001  1
0101100011011001  0
0010000111011001  0
0101000100111001  0
0101010100111001  0
1110001100111001  1
1111001100111001  1
0111101100111001  1
1111010010111001  0
0011111010111001  1
1000100110111001  1
0000111110111001  0
1010001001111001  1
0010110101111001  1
1100111101111001  0
1111111101111001  0
1101100011111001  1
0011100011111001  0
1101000111111001  1
0100000000000101  1
0011010000000101  0
0000110000000101  1
1100110000000101  0
0001000100000101  1
0011110100000101  0
0100000010000101  1
0010010010000101  0
0101000101000101  0
0011010101000101  0
0101101101000101  1
1100100011000101  1
0001110111000101  1
0011001111000101  1
0100101111000101  0
1110011111000101  0
1000010000100101  1
0001011000100101  0
0110000100100101  0
1110100100100101  0
0010010100100101  1
1001001010100101  0
1110110110100101  0
0111110110100101  0
1001000001100101  0
1000100001100101  1
1001100001100101  1
1000001001100101  1
0011011001100101  1
1011100101100101  1
1100010101100101  0
0100101101100101  1
1100100011100101  1
0010100011100101  1
0010001011100101  1
1000011011100101  0
1100011011100101  1
1110011011100101  1
0000000111100101  1
1111010000010101  0
1011110000010101  0
1011001000010101  0
1001011000010101  0
0010010100010101  0
1000011100010101  0
0001100010010101  0
1111100010010101  0
1011010010010101  0
0000110010010101  1
1011001010010101  0
0111000001010101  1
1100001001010101  0
1110101001010101  0
0001010101010101  1
0011101101010101  1
1001110011010101  0
0000111011010101  1
1101010111010101  1
1010000000110101  1
1110000000110101  0
0001100000110101  1
1000001000110101  0
1000101000110101  1
0000000010110101  1
0000100010110101  1
0111100010110101  0
1000110010110101  1
1110001010110101  0
0110110110110101  0
1000000001110101  1
1001010101110101  1
1010100011110101  0
0000010011110101  1
0001010011110101  0
0111110011110101  0
1010100000001101  1
0101100100001101  0
0011001100001101  1
1011111100001101  1
0001111110001101  0
0110010001001101  0
0101101001001101  0
0111001101001101  0
0011000111001101  0
0101100111001101  0
1111100100101101  1
0010001100101101  0
0100101100101101  0
1001011010101101  0
0011011010101101  1
0110000110101101  0
0000111001101101  1
0011010101101101  0
1011111011101101  0
0000010111101101  1
0010001111101101  1
0001011111101101  0
0101000000011101  0
0001101000011101  1
1101000100011101  0
1111000100011101  1
1110010100011101  1
1001001100011101  1
1101011100011101  0
1101000010011101  1
0001110010011101  0
0000001010011101  0
0100111010011101  0
1010100110011101  1
0001010110011101  0
0101101110011101  1
0101101001011101  0
1100011001011101  0
1011101101011101  0
1100111101011101  1
1111000011011101  1
0111100011011101  1
1110110011011101  1
1101010111011101  1
1000111111011101  1
0000110000111101  0
1001001100111101  1
0111011100111101  0
0101010010111101  0
1110110110111101  1
1000001110111101  1
0100101110111101  0
0000011110111101  1
1101111110111101  0
1011000001111101  1
1111010001111101  0
1110101001111101  1
0010011001111101  0
0111011001111101  1
0010101011111101  0
1001101011111101  0
1110000000000011  0
1110010000000011  0
1001111000000011  1
0011110100000011  0
1011001100000011  1
0111010010000011  1
0110101010000011  1
1001011010000011  0
1111111110000011  1
0100110001000011  0
0000000101000011  0
0001000011000011  1
1111100011000011  0
1100011011000011  0
1010000111000011  0
1010110100100011  0
0110011100100011  0
0001110010100011  1
1101001001100011  1
0011001101100011  1
0011011101100011  0
1010111101100011  0
0000000011100011  0
1100101011100011  1
0111111011100011  0
0100010111100011  1
1000100000010011  1
1110111000010011  1
0111100100010011  1
1100101100010011  0
1111000010010011  0
0011100110010011  0
1010100001010011  0
0111001001010011  1
0010101001010011  1
0011010011010011  0
1000110011010011  0
0111111011010011  1
1001110111010011  0
1000011111010011  1
0010000000110011  1
0110010000110011  1
1111110000110011  1
0001100100110011  1
0101100100110011  0
0110010100110011  1
1001110100110011  1
1101011100110011  1
1010111100110011  1
1111111100110011  0
1101100110110011  1
1010110110110011  1
0111000001110011  1
1111110001110011  0
0011001001110011  1
1011001001110011  1
1000010101110011  0
0011011101110011  1
1100010011110011  1
1100001011110011  0
0010101011110011  0
0001111011110011  1
1011101111110011  1
1010100000001011  1
0110010000001011  1
0100101000001011  0
0010101100001011  0
1111011100001011  1
0111010010001011  1
1001001010001011  0
0100100110001011  1
0001100110001011  0
0000101110001011  0
0101011110001011  1
1111010001001011  1
0010111001001011  1
1001010101001011  1
0011010101001011  0
1000100000101011  0
1111110100101011  1
1111001100101011  0
1010100010101011  1
1010011010101011  1
1011111010101011  0
1001011110101011  0
1011111001101011  0
1011100101101011  0
0111010101101011  1
0011011101101011  1
0110111101101011  1
1101111101101011  1
0000100011101011  0
1011001011101011  0
0110111000011011  0
0100000100011011  0
1101110100011011  1
0010001100011011  1
0101101100011011  1
1011010110011011  0
1000011110011011  1
0101111110011011  0
1110101011011011  0
0111100111011011  0
0001110111011011  0
1111001111011011  0
1000101111011011  0
0011101111011011  0
0001100000111011  0
1001100000111011  1
