000110001000000  1
011011000100000  0
011111101100000  0
111000000010000  0
000101000110000  1
000101001110000  1
111011101110000  1
100111010001000  0
011000011001000  1
111101011001000  1
100110000101000  0
100001010101000  1
101000000011000  0
000010010011000  0
110111111111000  0
111001010000100  0
010110110000100  1
000001110000100  0
000101001000100  0
111111101000100  1
111001011000100  1
001010111000100  0
110011010100100  1
110111010100100  0
110100111100100  0
110011100010100  0
011100100110100  0
111010100110100  1
111110100110100  1
001110101110100  0
000111011110100  0
101110111110100  0
100011100001100  0
001110010001100  1
111110101001100  1
000011111001100  0
001101000101100  1
101011000101100  0
011001010101100  1
000111111101100  0
100110010011100  0
001110100111100  0
110101100111100  1
000000010111100  0
100001011111100  0
000101000000001  1
011000101000001  1
000111101000001  1
010101111100001  1
101000101010001  0
100100011010001  0
001010100110001  1
011100110110001  1
100111110110001  1
101101001110001  1
101001100001001  1
001011010001001  1
111110110001001  0
110110100101001  0
001111010101001  0
010100001101001  1
011000000011001  1
011000110011001  0
111010001011001  0
111101111011001  1
111110010111001  1
100101010111001  0
001111011111001  0
111000111111001  1
100010111111001  0
101110000000101  1
000111000000101  0
101000110000101  0
110100011000101  0
001110011100101  1
111111011100101  1
000110000010101  1
001011000010101  0
100110010010101  0
100000001010101  1
110111010110101  1
001001001110101  1
000110100001101  1
110010110001101  1
100100101001101  0
000101001101101  1
010010101101101  0
110010001011101  1
100001101011101  0
000110011011101  0
000111010111101  0
000100011111101  0
001101000000011  1
011010101000011  1
001001000100011  0
011110000010011  0
001011000010011  1
101001010010011  1
110111110110011  1
111011000001011  1
011110010001011  1
000111101001011  0
001110111001011  1
000011010011011  1
000010101011011  1
101001011011011  1
011011011011011  1
001110000111011  1
011000010111011  1
101101111111011  1
101101000000111  1
011000110010111  1
101011001110111  0
001001001001111  1
100000010101111  0
010010110101111  0
100110000011111  1
100110110011111  1
111100011011111  1
001100010111111  0
000001010111111  0
110010110000010  1
010011010100010  0
011000110100010  0
101110110100010  1
101011000010010  0
111100100001010  1
110111110001010  0
100100101001010  1
010010011001010  1
110011110101010  1
000111110011010  0
111111111011010  0
110001001111010  0
101011010000110  0
101001110000110  1
011001001000110  0
011100011000110  1
100101111000110  0
101001010100110  1
011101101100110  0
110111010010110  0
000101011010110  0
101101111010110  0
000110010110110  1
010001001110110  1
010101001110110  0
010010100101110  0
100001101111110  1
000101101111110  0
