0000000000000  0
1000000000000  1
0100000000000  0
1100000000000  0
0110000000000  1
1001000000000  0
0011000000000  1
1011000000000  1
1111000000000  1
1100100000000  0
1010100000000  0
1110100000000  0
0001100000000  1
1001100000000  0
1101100000000  1
0011100000000  1
0111100000000  1
0000010000000  0
1101010000000  0
1011010000000  0
0000110000000  1
0010110000000  1
1010110000000  0
0110110000000  1
1110110000000  1
0001110000000  1
1001110000000  0
1101110000000  1
0111110000000  1
0000001000000  1
0001001000000  0
1001001000000  0
0000101000000  0
1000101000000  1
0100101000000  1
0010101000000  0
1010101000000  0
0110101000000  0
0001101000000  1
1101101000000  1
1011101000000  1
0000011000000  1
0100011000000  1
1100011000000  1
1010011000000  1
1110011000000  1
0001011000000  1
1011011000000  0
0111011000000  1
1111011000000  1
0000111000000  1
1000111000000  1
0010111000000  1
1110111000000  0
0101111000000  1
0011111000000  1
1011111000000  1
0000000100000  1
1000000100000  1
0100000100000  1
1100000100000  0
1010000100000  1
0110000100000  1
1110000100000  0
1001000100000  1
0101000100000  1
1101000100000  1
0011000100000  0
1011000100000  1
0111000100000  1
1111000100000  1
0010100100000  0
0001100100000  0
1001100100000  0
0101100100000  1
1101100100000  1
0111100100000  0
0000010100000  1
1000010100000  1
0100010100000  0
0010010100000  1
1010010100000  0
0101010100000  1
1011010100000  1
1111010100000  0
0000110100000  0
1000110100000  1
0100110100000  0
0001110100000  0
1001110100000  1
0101110100000  1
0011110100000  1
1011110100000  1
1111110100000  1
1100001100000  1
1010001100000  1
0001001100000  0
0101001100000  1
0011001100000  0
1011001100000  1
0111001100000  1
1111001100000  1
0000101100000  0
0100101100000  0
1100101100000  1
0010101100000  0
0001101100000  0
1001101100000  0
1101101100000  0
1011101100000  1
0100011100000  1
1100011100000  0
0010011100000  0
0001011100000  0
0101011100000  1
0111011100000  0
1100111100000  0
0010111100000  1
0110111100000  1
1001111100000  1
0101111100000  1
0011111100000  0
1011111100000  1
1100000010000  0
1010000010000  1
1110000010000  0
1001000010000  1
1101000010000  1
0011000010000  0
1011000010000  0
0111000010000  1
0000100010000  0
1000100010000  0
0010100010000  1
1010100010000  1
0110100010000  1
1110100010000  1
1001100010000  0
0101100010000  0
1101100010000  1
1011100010000  0
1111100010000  0
1000010010000  0
0010010010000  1
1010010010000  1
0001010010000  1
1001010010000  0
0101010010000  1
1101010010000  1
0011010010000  0
0000110010000  1
0100110010000  0
1100110010000  0
1010110010000  0
1110110010000  1
0001110010000  0
1001110010000  1
0011110010000  0
1011110010000  0
0000001010000  0
1100001010000  1
0001001010000  1
1001001010000  0
1101001010000  1
0011001010000  0
1011001010000  1
0111001010000  1
1000101010000  0
1100101010000  1
0010101010000  1
1001101010000  1
0101101010000  1
0111101010000  1
1111101010000  1
0000011010000  1
1100011010000  1
0010011010000  1
1110011010000  0
1101011010000  0
1011011010000  1
0111011010000  1
0000111010000  0
1000111010000  0
0100111010000  1
1100111010000  1
0110111010000  0
1110111010000  1
0101111010000  0
0011111010000  1
0111111010000  0
1111111010000  1
0000000110000  0
0100000110000  0
0010000110000  1
1010000110000  0
0110000110000  0
1001000110000  1
0101000110000  1
0011000110000  1
1011000110000  0
0111000110000  0
0000100110000  0
0100100110000  0
0110100110000  0
1001100110000  1
1011100110000  0
0000010110000  0
1000010110000  1
0110010110000  0
0101010110000  1
1101010110000  0
0011010110000  1
1111010110000  0
0000110110000  1
1000110110000  1
1101110110000  1
0011110110000  0
1011110110000  1
1000001110000  1
0100001110000  1
1010001110000  0
0110001110000  1
1001001110000  1
1101001110000  1
1011001110000  0
0111001110000  0
1000101110000  1
1100101110000  1
0010101110000  0
1110101110000  0
1001101110000  0
0011101110000  1
1111101110000  0
1000011110000  0
1100011110000  0
1010011110000  1
1110011110000  1
0001011110000  0
1001011110000  1
0011011110000  0
1111011110000  0
1000111110000  1
0110111110000  0
1110111110000  1
1001111110000  0
0101111110000  0
0011111110000  1
1011111110000  1
1111111110000  1
1000000001000  1
0100000001000  0
1110000001000  1
0001000001000  0
1001000001000  0
0101000001000  0
1101000001000  0
0011000001000  1
1111000001000  0
0011100001000  0
1011100001000  1
0111100001000  0
1000010001000  0
1100010001000  1
0010010001000  0
1010010001000  1
1110010001000  1
1001010001000  0
1101010001000  0
0011010001000  1
0111010001000  1
1111010001000  0
1100110001000  0
0010110001000  1
0001110001000  1
0101110001000  0
0011110001000  0
0111110001000  1
1111110001000  1
0000001001000  0
1100001001000  1
0010001001000  1
1010001001000  1
0110001001000  1
0001001001000  0
1001001001000  1
0101001001000  1
1101001001000  0
0011001001000  1
1111001001000  1
0000101001000  1
1000101001000  0
0010101001000  0
0110101001000  0
1110101001000  1
0001101001000  0
1001101001000  0
1101101001000  1
0011101001000  1
1011101001000  1
0111101001000  1
0000011001000  1
0100011001000  1
1110011001000  0
0101011001000  0
1101011001000  1
0011011001000  0
0111011001000  1
1111011001000  1
0000111001000  0
0100111001000  0
1010111001000  0
0110111001000  0
0101111001000  1
0011111001000  1
1011111001000  1
1111111001000  1
0000000101000  1
1000000101000  0
0100000101000  1
1100000101000  1
1010000101000  0
0110000101000  1
1110000101000  0
0001000101000  1
0101000101000  0
0011000101000  1
1011000101000  0
1111000101000  1
0100100101000  0
1100100101000  0
1010100101000  1
0110100101000  1
1110100101000  1
0001100101000  1
1001100101000  0
1011100101000  1
0010010101000  0
1110010101000  0
0001010101000  0
1001010101000  1
0101010101000  1
1101010101000  1
1011010101000  1
0100110101000  1
0010110101000  1
1010110101000  1
0110110101000  0
1110110101000  0
0001110101000  1
1001110101000  1
0101110101000  0
0011110101000  0
1011110101000  0
1000001101000  0
1100001101000  0
1010001101000  1
1110001101000  0
0001001101000  1
1001001101000  1
0101001101000  1
0011001101000  0
1111001101000  0
0100101101000  1
0110101101000  0
1110101101000  1
1001101101000  0
0101101101000  1
1101101101000  0
0111101101000  1
0000011101000  1
1000011101000  1
0100011101000  0
1100011101000  0
1010011101000  0
0110011101000  0
0101011101000  1
1101011101000  1
1011011101000  1
0111011101000  1
1111011101000  0
0100111101000  0
0110111101000  1
1101111101000  0
0011111101000  0
1011111101000  1
0111111101000  0
1111111101000  0
0000000011000  1
0100000011000  0
0010000011000  1
1010000011000  1
1110000011000  0
0101000011000  1
1101000011000  1
0111000011000  1
1111000011000  0
0000100011000  1
1010100011000  1
0001100011000  0
0101100011000  1
1101100011000  0
0011100011000  1
1111100011000  0
0000010011000  0
1100010011000  1
0110010011000  1
1110010011000  1
0001010011000  1
0101010011000  0
1101010011000  0
0111010011000  1
0000110011000  1
1100110011000  0
0010110011000  0
1101110011000  0
0011110011000  0
1011110011000  1
1111110011000  1
0000001011000  1
0100001011000  0
1100001011000  1
1010001011000  1
0110001011000  0
0101001011000  1
1101001011000  1
0011001011000  1
1011001011000  0
0111001011000  1
1000101011000  0
0100101011000  0
1100101011000  0
0010101011000  1
0110101011000  1
1110101011000  1
1101101011000  1
0111101011000  1
1111101011000  0
0000011011000  1
1000011011000  1
0100011011000  0
1100011011000  0
0010011011000  1
1010011011000  1
0101011011000  0
1101011011000  1
0011011011000  0
1011011011000  1
0000111011000  0
0010111011000  1
0110111011000  0
1001111011000  0
0101111011000  1
1101111011000  1
1011111011000  0
1111111011000  1
1100000111000  0
0010000111000  0
1010000111000  1
0110000111000  1
0001000111000  0
1001000111000  0
1101000111000  1
0011000111000  0
1011000111000  1
0111000111000  0
0000100111000  1
1000100111000  0
0100100111000  0
1100100111000  1
1010100111000  0
1101100111000  0
1011100111000  0
0111100111000  0
1111100111000  1
0000010111000  0
1000010111000  0
0100010111000  0
1110010111000  1
0001010111000  0
1001010111000  0
1011010111000  1
1111010111000  1
0000110111000  0
1100110111000  0
0110110111000  1
0001110111000  1
0101110111000  1
1101110111000  0
1011110111000  1
1111110111000  1
0000001111000  1
0100001111000  0
1100001111000  0
1110001111000  0
0001001111000  0
1001001111000  1
1101001111000  1
0011001111000  0
0000101111000  1
1100101111000  1
0010101111000  0
1010101111000  1
1001101111000  0
1011101111000  0
0111101111000  1
1000011111000  0
1100011111000  1
0010011111000  0
1010011111000  0
1110011111000  1
0101011111000  1
1011011111000  0
1000111111000  1
0100111111000  0
1010111111000  1
0001111111000  0
1001111111000  0
0101111111000  1
1101111111000  0
0011111111000  1
1011111111000  1
1111111111000  0
1000000000100  1
0100000000100  0
0110000000100  1
0001000000100  1
1001000000100  1
1101000000100  0
0011000000100  0
1011000000100  0
1111000000100  0
0010100000100  1
1010100000100  0
0101100000100  0
1101100000100  0
0111100000100  1
1111100000100  1
1000010000100  0
1010010000100  1
1110010000100  1
1101010000100  0
0011010000100  0
1011010000100  0
0111010000100  1
1111010000100  1
1100110000100  0
0110110000100  1
1110110000100  1
1001110000100  1
1101110000100  0
0111110000100  1
1000001000100  0
0100001000100  1
1100001000100  1
1010001000100  1
0110001000100  1
1110001000100  1
0001001000100  1
1101001000100  0
0100101000100  1
1110101000100  0
0101101000100  1
1101101000100  0
1011101000100  0
1111101000100  1
1100011000100  0
1010011000100  0
1001011000100  1
0101011000100  1
1101011000100  1
0011011000100  1
1111011000100  0
0100111000100  1
1100111000100  0
1110111000100  0
1001111000100  1
1101111000100  1
1011111000100  1
0111111000100  0
0000000100100  1
1000000100100  0
0100000100100  0
1100000100100  0
0010000100100  0
1010000100100  1
0110000100100  1
1110000100100  1
1001000100100  1
0101000100100  1
0000100100100  1
0100100100100  1
1010100100100  1
1110100100100  0
0001100100100  0
1001100100100  0
0101100100100  0
0111100100100  1
1111100100100  1
0100010100100  1
0010010100100  0
0110010100100  1
1110010100100  1
0101010100100  1
1011010100100  0
0111010100100  0
1111010100100  1
0000110100100  1
1000110100100  1
1010110100100  1
0110110100100  1
1101110100100  0
1011110100100  1
0111110100100  1
0000001100100  0
1000001100100  0
0010001100100  1
1010001100100  0
0110001100100  0
1110001100100  1
0001001100100  1
1001001100100  0
0101001100100  0
1101001100100  1
0011001100100  1
0111001100100  0
1111001100100  1
0010101100100  1
1010101100100  1
1110101100100  0
0101101100100  1
0011101100100  1
1000011100100  1
1100011100100  1
0010011100100  1
1110011100100  1
0101011100100  1
1011011100100  1
1111011100100  0
0000111100100  1
1100111100100  0
1010111100100  0
1110111100100  1
0101111100100  1
0011111100100  1
0000000010100  1
1100000010100  1
0010000010100  0
1010000010100  1
0001000010100  0
1001000010100  1
1101000010100  1
0011000010100  0
0000100010100  1
1000100010100  0
0100100010100  0
1010100010100  1
0001100010100  0
0101100010100  0
1101100010100  1
0111100010100  0
0100010010100  0
0010010010100  0
0110010010100  0
0001010010100  1
1001010010100  0
0011010010100  0
1000110010100  0
0100110010100  1
0110110010100  1
1110110010100  0
1001110010100  1
0101110010100  1
1011110010100  0
0111110010100  1
0000001010100  0
1000001010100  0
1010001010100  0
0110001010100  0
0001001010100  1
0011001010100  1
1011001010100  1
1111001010100  1
0000101010100  0
1000101010100  0
0110101010100  0
1110101010100  1
0001101010100  0
1001101010100  1
0101101010100  0
1101101010100  0
0011101010100  0
1011101010100  1
1111101010100  0
1000011010100  0
1100011010100  1
0110011010100  1
1110011010100  1
0001011010100  1
0101011010100  0
0111011010100  1
0000111010100  0
1000111010100  0
1100111010100  0
0010111010100  1
0110111010100  1
0101111010100  0
1011111010100  1
0111111010100  0
0000000110100  1
1000000110100  0
1010000110100  1
1001000110100  0
0011000110100  0
0111000110100  1
0000100110100  1
0100100110100  0
1100100110100  0
1010100110100  1
0110100110100  1
0011100110100  1
1011100110100  1
1111100110100  0
0100010110100  0
1100010110100  1
0010010110100  0
1010010110100  1
1110010110100  0
0001010110100  0
1001010110100  0
0011010110100  1
1011010110100  1
0111010110100  0
1111010110100  1
0000110110100  1
1001110110100  1
0101110110100  1
1101110110100  1
1011110110100  0
0111110110100  1
1000001110100  0
1100001110100  1
0010001110100  0
1010001110100  0
0110001110100  0
1110001110100  1
0001001110100  1
0101001110100  0
0000101110100  0
0100101110100  1
1100101110100  1
0110101110100  0
0001101110100  1
0011101110100  1
1011101110100  0
1111101110100  1
0000011110100  1
1000011110100  0
1100011110100  1
0010011110100  0
1010011110100  1
0110011110100  1
0001011110100  0
1001011110100  0
1011011110100  0
0111011110100  1
1111011110100  1
0000111110100  0
0100111110100  0
1100111110100  1
1110111110100  0
0001111110100  0
1101111110100  1
0011111110100  1
0000000001100  1
0100000001100  0
1100000001100  1
1010000001100  0
1110000001100  0
0001000001100  1
1001000001100  0
1101000001100  0
0111000001100  1
1111000001100  1
0000100001100  1
1000100001100  0
0100100001100  1
1100100001100  0
0010100001100  1
0001100001100  0
0011100001100  0
1011100001100  0
0111100001100  1
0000010001100  1
0100010001100  0
0010010001100  1
0110010001100  1
1110010001100  0
0001010001100  1
1101010001100  1
0011010001100  0
1011010001100  0
1111010001100  0
1000110001100  1
1100110001100  1
0101110001100  0
1011110001100  0
0111110001100  0
0000001001100  1
1000001001100  1
0100001001100  0
0010001001100  0
1010001001100  1
1001001001100  0
1101001001100  1
1000101001100  1
0100101001100  0
1100101001100  0
1010101001100  0
0110101001100  0
0001101001100  1
0101101001100  0
1101101001100  1
0011101001100  1
1011101001100  1
0111101001100  0
0000011001100  1
1100011001100  1
1010011001100  1
1001011001100  1
0101011001100  0
0011011001100  0
1011011001100  0
0100111001100  0
1100111001100  1
0010111001100  0
1010111001100  0
0110111001100  0
0101111001100  1
0011111001100  1
0111111001100  0
0000000101100  1
0100000101100  0
0010000101100  0
1001000101100  1
0101000101100  0
0111000101100  1
1000100101100  1
0100100101100  1
1100100101100  0
1010100101100  0
1110100101100  0
0001100101100  1
1001100101100  1
0101100101100  0
1101100101100  0
0011100101100  1
1011100101100  0
0111100101100  0
1111100101100  0
1000010101100  1
0010010101100  0
1010010101100  0
0110010101100  1
1110010101100  1
1001010101100  0
0111010101100  1
0000110101100  0
1000110101100  0
0100110101100  1
0010110101100  1
1010110101100  0
1111110101100  1
0000001101100  1
1000001101100  0
0100001101100  1
1010001101100  0
1110001101100  0
0001001101100  1
1001001101100  1
1011001101100  0
0111001101100  0
0000101101100  0
1100101101100  0
0010101101100  1
0110101101100  0
1110101101100  0
0001101101100  0
1001101101100  0
1101101101100  1
0011101101100  0
0111101101100  1
0000011101100  0
1000011101100  0
1100011101100  1
0010011101100  0
1010011101100  1
1101011101100  1
0111011101100  1
1111011101100  1
1000111101100  1
0100111101100  0
1100111101100  0
0010111101100  0
0101111101100  0
1011111101100  0
0111111101100  1
1010000011100  1
0101000011100  1
1101000011100  1
0111000011100  1
1111000011100  0
0000100011100  1
1000100011100  0
0001100011100  0
0101100011100  1
1101100011100  0
1011100011100  1
0111100011100  1
1000010011100  1
0100010011100  0
1100010011100  0
0110010011100  1
1110010011100  1
1001010011100  0
0011010011100  0
1011010011100  1
0111010011100  0
1111010011100  0
1000110011100  0
0100110011100  1
0010110011100  1
1001110011100  0
0101110011100  0
1101110011100  1
0011110011100  0
1111110011100  1
0000001011100  1
0100001011100  1
0001001011100  1
1001001011100  1
0000101011100  0
1000101011100  0
1100101011100  0
0010101011100  1
1010101011100  1
0001101011100  0
0101101011100  1
1101101011100  0
0011101011100  1
1011101011100  1
0111101011100  1
1111101011100  1
1110011011100  0
0001011011100  0
1001011011100  1
0101011011100  1
1101011011100  0
0111011011100  0
1111011011100  0
0000111011100  1
0100111011100  0
1100111011100  1
0010111011100  1
0110111011100  0
1110111011100  0
0001111011100  1
1101111011100  0
0011111011100  1
1011111011100  1
1111111011100  1
0000000111100  0
0100000111100  1
1010000111100  0
1110000111100  1
0001000111100  0
1001000111100  0
0101000111100  1
0011000111100  0
0111000111100  0
1111000111100  0
0000100111100  1
1000100111100  1
0100100111100  0
0010100111100  0
1010100111100  0
1110100111100  0
0101100111100  0
0011100111100  1
1111100111100  0
1000010111100  1
0100010111100  0
0010010111100  1
1010010111100  1
1001010111100  0
0101010111100  0
1101010111100  0
1011010111100  1
0111010111100  0
1111010111100  1
0100110111100  0
1100110111100  0
1010110111100  1
0110110111100  0
0001110111100  1
1001110111100  1
0011110111100  0
1000001111100  0
0110001111100  1
0001001111100  1
0101001111100  1
1101001111100  0
1011001111100  1
0111001111100  0
1111001111100  0
0000101111100  0
0100101111100  1
1100101111100  0
0010101111100  1
1010101111100  1
1110101111100  0
0001101111100  0
0101101111100  1
0011101111100  0
1011101111100  0
0000011111100  1
1000011111100  0
0100011111100  0
1100011111100  0
0110011111100  1
1110011111100  0
0001011111100  1
0101011111100  1
0011011111100  1
1011011111100  0
1111011111100  1
0100111111100  1
1100111111100  1
0010111111100  0
1010111111100  1
0001111111100  0
1001111111100  1
1101111111100  1
0011111111100  1
0111111111100  0
0000000000001  0
1000000000001  0
0100000000001  1
0010000000001  0
1010000000001  0
0110000000001  0
0001000000001  0
0101000000001  1
1111000000001  1
1000100000001  1
0100100000001  1
1010100000001  0
0110100000001  0
1110100000001  0
1001100000001  1
0101100000001  0
0011100000001  1
1011100000001  1
0000010000001  0
1000010000001  0
0010010000001  0
1010010000001  1
1110010000001  0
0101010000001  1
1101010000001  1
0011010000001  0
0111010000001  1
1111010000001  1
0100110000001  1
0010110000001  0
1010110000001  1
0110110000001  0
0011110000001  0
1011110000001  0
0111110000001  1
1111110000001  0
0100001000001  1
1100001000001  0
0010001000001  0
1110001000001  0
0001001000001  1
1001001000001  1
0101001000001  0
0011001000001  0
1011001000001  0
0100101000001  1
1100101000001  0
1010101000001  0
1001101000001  1
0101101000001  0
1101101000001  0
1011101000001  0
1111101000001  1
1000011000001  0
0100011000001  1
0010011000001  0
1110011000001  0
0011011000001  0
1011011000001  0
0111011000001  0
0000111000001  1
0100111000001  1
1100111000001  1
0110111000001  0
1110111000001  1
1001111000001  1
0101111000001  1
1011111000001  1
0111111000001  1
0000000100001  1
0100000100001  1
1100000100001  1
0010000100001  0
1010000100001  0
1110000100001  0
1001000100001  0
0101000100001  1
0111000100001  1
0000100100001  1
1000100100001  1
1100100100001  1
0110100100001  1
1110100100001  1
0001100100001  1
1001100100001  0
1101100100001  1
0011100100001  0
1011100100001  0
1111100100001  0
0000010100001  0
0100010100001  0
1100010100001  0
0010010100001  1
1110010100001  1
1001010100001  1
0101010100001  0
1011010100001  0
1111010100001  1
0000110100001  0
1100110100001  0
0010110100001  0
0110110100001  0
0001110100001  1
1001110100001  1
1101110100001  0
0000001100001  0
0100001100001  1
1100001100001  1
0010001100001  0
1010001100001  0
0110001100001  0
1110001100001  0
0001001100001  1
1001001100001  1
0101001100001  0
1101001100001  1
0011001100001  0
1011001100001  0
1111001100001  1
0000101100001  1
1000101100001  0
0010101100001  0
0110101100001  1
1110101100001  1
0001101100001  1
1001101100001  0
1011101100001  0
0111101100001  1
1111101100001  1
0000011100001  0
1000011100001  1
0100011100001  1
0010011100001  1
0110011100001  1
1110011100001  1
1001011100001  1
0101011100001  1
1011011100001  1
0100111100001  1
1100111100001  1
1110111100001  0
1101111100001  0
0111111100001  1
0000000010001  1
0100000010001  1
1100000010001  0
0010000010001  0
0001000010001  1
1101000010001  1
1011000010001  1
0111000010001  1
0000100010001  1
1010100010001  0
1110100010001  0
1001100010001  0
0101100010001  0
1101100010001  0
0011100010001  1
0111100010001  1
1111100010001  0
0000010010001  0
0100010010001  1
1100010010001  1
1010010010001  0
0110010010001  0
0001010010001  1
0011010010001  0
1011010010001  0
0111010010001  1
0000110010001  0
1000110010001  1
0100110010001  0
1110110010001  0
0001110010001  0
1101110010001  1
1011110010001  0
0000001010001  1
0010001010001  0
1001001010001  0
0101001010001  1
1101001010001  0
1011001010001  0
0010101010001  0
1010101010001  1
0110101010001  1
1110101010001  1
0001101010001  1
1101101010001  0
1011101010001  0
0111101010001  1
1111101010001  0
1000011010001  0
0100011010001  1
1100011010001  0
0010011010001  0
1010011010001  0
1110011010001  1
1001011010001  1
0011011010001  0
1010111010001  1
0011111010001  1
0111111010001  0
0000000110001  0
1000000110001  1
0100000110001  0
1100000110001  0
0001000110001  1
0101000110001  0
0000100110001  1
1000100110001  1
0100100110001  0
0010100110001  0
1010100110001  0
0110100110001  1
0001100110001  0
1101100110001  1
0011100110001  1
1111100110001  0
1100010110001  0
1010010110001  1
0110010110001  0
0101010110001  1
0111010110001  0
0100110110001  0
1010110110001  0
1110110110001  1
1001110110001  1
0101110110001  0
0111110110001  1
1111110110001  1
0000001110001  0
1000001110001  0
1010001110001  0
0110001110001  0
1110001110001  1
1001001110001  1
1011001110001  1
0111001110001  1
0100101110001  0
0010101110001  0
1110101110001  1
0001101110001  0
1001101110001  1
0011101110001  1
0111101110001  1
0000011110001  0
1000011110001  0
0100011110001  0
1010011110001  1
0110011110001  1
0001011110001  0
0101011110001  1
1101011110001  0
0111011110001  0
0000111110001  0
0100111110001  0
1100111110001  0
1010111110001  1
0110111110001  1
0101111110001  0
0011111110001  1
1011111110001  1
1111111110001  1
0000000001001  1
1000000001001  0
1010000001001  1
1110000001001  1
0001000001001  0
1001000001001  1
0101000001001  0
1101000001001  0
1011000001001  0
1111000001001  1
0100100001001  0
1100100001001  0
1010100001001  1
1001100001001  1
0101100001001  0
0011100001001  0
1011100001001  0
1111100001001  0
0000010001001  1
0100010001001  0
0010010001001  0
1010010001001  0
1110010001001  1
0001010001001  0
1001010001001  1
0101010001001  1
1011010001001  1
1111010001001  0
0000110001001  1
1100110001001  0
0010110001001  1
0111110001001  1
0000001001001  1
0100001001001  1
1010001001001  1
0110001001001  0
1110001001001  1
1001001001001  1
0101001001001  1
0011001001001  0
1011001001001  1
0111001001001  0
0000101001001  0
1000101001001  1
0100101001001  0
1010101001001  1
0001101001001  0
0101101001001  0
1101101001001  0
0000011001001  0
1010011001001  1
0110011001001  0
0001011001001  1
1001011001001  0
0101011001001  0
0011011001001  0
1011011001001  1
1111011001001  1
0010111001001  1
1110111001001  1
0001111001001  1
1001111001001  1
0101111001001  1
1101111001001  0
0011111001001  0
1011111001001  0
0010000101001  1
1010000101001  0
1001000101001  0
0101000101001  0
0011000101001  0
1011000101001  0
1111000101001  0
0000100101001  1
1000100101001  1
0010100101001  1
1010100101001  1
1110100101001  1
1001100101001  1
0101100101001  0
1111100101001  1
0000010101001  1
1000010101001  1
0100010101001  0
0110010101001  0
0001010101001  0
1001010101001  0
0101010101001  1
1101010101001  0
0111010101001  0
1111010101001  0
1000110101001  0
0100110101001  1
1110110101001  0
0001110101001  1
0101110101001  0
0011110101001  1
0111110101001  0
1111110101001  0
0110001101001  0
0001001101001  1
1001001101001  0
0101001101001  0
0011001101001  1
1111001101001  0
0100101101001  1
0010101101001  1
0110101101001  1
1110101101001  1
0101101101001  0
1101101101001  1
1011101101001  1
0111101101001  0
0000011101001  1
1000011101001  1
0010011101001  1
1010011101001  0
0110011101001  0
1001011101001  0
0011011101001  0
1011011101001  0
0111011101001  1
0100111101001  1
0010111101001  0
1101111101001  1
0011111101001  0
1011111101001  0
0111111101001  0
1000000011001  0
0100000011001  0
1100000011001  0
1110000011001  1
0001000011001  0
0101000011001  0
0011000011001  1
1011000011001  1
0111000011001  0
0100100011001  0
0010100011001  0
0110100011001  0
1110100011001  0
0001100011001  1
0000010011001  1
1000010011001  0
0100010011001  0
1100010011001  0
0110010011001  0
1110010011001  1
0001010011001  0
1001010011001  0
1011010011001  1
1111010011001  1
0000110011001  1
1000110011001  1
1010110011001  0
1110110011001  1
1001110011001  1
1101110011001  0
0011110011001  1
1011110011001  1
0111110011001  1
1111110011001  1
0000001011001  0
1000001011001  1
1100001011001  0
0010001011001  0
0110001011001  1
1110001011001  0
1001001011001  1
1101001011001  1
0111001011001  0
0000101011001  1
0100101011001  0
0010101011001  1
0001101011001  0
0011101011001  0
1011101011001  1
0111101011001  0
0100011011001  0
0010011011001  0
1010011011001  0
1001011011001  1
0101011011001  0
1101011011001  0
0011011011001  0
1011011011001  1
0111011011001  1
0000111011001  0
0100111011001  0
1100111011001  1
0110111011001  0
0101111011001  1
1011111011001  1
0111111011001  0
1111111011001  1
1000000111001  1
1100000111001  0
0010000111001  0
1010000111001  1
0110000111001  0
1110000111001  1
0001000111001  1
1001000111001  0
1101000111001  1
0000100111001  0
1000100111001  0
1100100111001  0
0010100111001  1
1010100111001  0
0001100111001  0
1001100111001  0
0011100111001  1
1011100111001  0
1111100111001  1
1000010111001  0
0110010111001  0
0001010111001  1
1101010111001  1
0111010111001  1
1111010111001  0
0000110111001  1
1100110111001  0
0010110111001  1
1010110111001  0
1110110111001  0
0001110111001  1
0101110111001  0
1011110111001  0
1111110111001  1
1000001111001  0
1100001111001  1
1010001111001  1
0001001111001  1
1001001111001  0
0101001111001  1
1101001111001  0
0011001111001  0
0000101111001  1
1110101111001  1
0001101111001  0
1101101111001  1
0111101111001  0
1000011111001  1
1100011111001  1
0101011111001  1
1101011111001  1
0111011111001  0
1111011111001  1
0000111111001  1
1000111111001  0
1100111111001  0
0010111111001  0
0101111111001  1
1011111111001  0
0000000000101  1
0010000000101  0
1010000000101  1
1110000000101  1
1101000000101  1
0011000000101  1
1011000000101  1
0111000000101  0
1111000000101  0
0100100000101  0
1010100000101  1
0110100000101  0
1110100000101  1
0001100000101  1
1001100000101  0
1101100000101  1
0100010000101  0
0010010000101  1
1010010000101  0
0001010000101  0
1001010000101  0
0101010000101  1
1101010000101  0
1011010000101  1
0100110000101  1
1100110000101  1
1010110000101  0
0110110000101  1
0101110000101  0
1011110000101  0
0111110000101  0
1111110000101  0
1000001000101  0
0100001000101  0
1010001000101  1
1110001000101  1
0001001000101  1
1001001000101  1
0101001000101  1
1101001000101  0
0011001000101  0
1011001000101  0
0000101000101  0
1000101000101  1
1100101000101  1
0110101000101  1
1110101000101  1
0001101000101  1
1001101000101  1
0101101000101  0
0011101000101  1
0111101000101  0
1111101000101  1
0000011000101  1
0100011000101  0
1100011000101  0
0110011000101  1
1110011000101  0
1001011000101  1
0101011000101  0
1101011000101  0
0111011000101  1
1000111000101  0
0100111000101  0
1010111000101  0
0110111000101  0
1011111000101  0
1111111000101  1
1100000100101  0
1001000100101  1
0101000100101  0
1011000100101  1
1111000100101  0
1010100100101  0
1110100100101  0
1101100100101  0
0011100100101  1
1011100100101  0
1111100100101  0
0010010100101  0
0110010100101  0
1110010100101  1
0001010100101  1
1001010100101  0
0101010100101  0
1101010100101  0
0011010100101  0
0000110100101  0
0010110100101  1
0001110100101  1
1001110100101  1
0011110100101  1
1011110100101  1
0111110100101  0
1111110100101  1
0100001100101  0
0010001100101  1
1110001100101  0
0001001100101  0
0101001100101  1
0011001100101  0
1011001100101  0
1111001100101  0
0100101100101  0
1100101100101  0
0010101100101  0
0110101100101  1
0001101100101  1
1001101100101  1
1011101100101  0
1111101100101  1
0000011100101  0
1100011100101  1
1010011100101  0
0110011100101  0
0001011100101  1
1101011100101  1
1011011100101  1
0111011100101  1
1111011100101  1
1000111100101  0
0100111100101  0
0010111100101  0
1010111100101  0
0110111100101  1
0001111100101  1
0101111100101  1
1101111100101  1
0011111100101  0
0111111100101  1
1111111100101  1
0000000010101  0
0100000010101  0
0010000010101  1
1010000010101  0
1110000010101  0
0001000010101  0
1001000010101  1
1011000010101  0
1000100010101  0
0100100010101  0
1100100010101  1
0010100010101  0
1010100010101  1
0110100010101  0
1001100010101  1
1101100010101  0
0011100010101  1
1011100010101  0
1111100010101  0
0000010010101  0
0100010010101  1
0010010010101  0
1010010010101  1
0110010010101  1
0001010010101  0
1001010010101  1
1101010010101  0
0011010010101  0
1000110010101  1
0010110010101  1
0110110010101  0
1110110010101  1
1001110010101  0
0101110010101  1
1101110010101  1
0011110010101  0
1011110010101  0
1000001010101  0
0100001010101  0
0010001010101  0
0101001010101  0
1101001010101  0
1011001010101  1
0111001010101  0
0100101010101  1
0010101010101  1
1010101010101  1
0110101010101  0
1110101010101  0
0001101010101  0
1001101010101  0
0100011010101  0
1100011010101  0
0010011010101  1
1010011010101  0
0110011010101  0
1110011010101  0
0001011010101  1
0011011010101  1
1011011010101  1
1111011010101  0
1000111010101  1
1100111010101  1
0010111010101  0
1010111010101  1
1001111010101  1
0101111010101  0
0011111010101  0
0111111010101  1
1000000110101  0
1100000110101  1
0010000110101  1
1110000110101  1
0001000110101  1
1001000110101  1
0111000110101  1
1111000110101  1
0000100110101  1
0100100110101  1
0010100110101  0
1010100110101  1
0110100110101  0
1110100110101  1
0001100110101  1
1001100110101  1
0101100110101  0
1101100110101  0
1011100110101  0
0000010110101  0
1100010110101  1
0010010110101  1
1001010110101  1
0101010110101  0
1011010110101  0
0111010110101  0
0100110110101  1
0010110110101  1
1010110110101  0
0110110110101  0
1001110110101  1
0101110110101  0
1101110110101  1
1011110110101  1
1100001110101  0
0010001110101  0
1110001110101  1
0101001110101  0
1101001110101  1
0111001110101  0
1000101110101  1
1010101110101  1
1110101110101  0
1001101110101  1
1101101110101  0
0000011110101  1
1000011110101  1
1100011110101  0
0010011110101  1
1110011110101  0
1001011110101  1
0101011110101  0
1101011110101  1
0011011110101  0
1011011110101  0
0111011110101  1
1111011110101  1
1000111110101  0
0100111110101  1
1100111110101  1
0010111110101  1
1001111110101  1
1101111110101  0
1111111110101  0
0000000001101  0
1000000001101  1
0100000001101  0
1010000001101  0
1110000001101  0
0001000001101  0
1001000001101  0
1101000001101  0
0011000001101  1
1111000001101  1
0100100001101  1
0110100001101  1
1110100001101  0
0001100001101  1
1101100001101  0
0011100001101  0
0111100001101  0
1111100001101  0
1000010001101  1
0100010001101  0
1100010001101  1
0010010001101  1
1010010001101  1
1110010001101  0
0001010001101  0
1001010001101  0
0011010001101  1
1100110001101  0
0110110001101  0
1110110001101  0
0001110001101  1
0101110001101  1
1101110001101  0
1000001001101  0
1100001001101  0
0010001001101  1
0110001001101  1
1110001001101  0
0001001001101  1
0011001001101  0
1000101001101  0
1100101001101  0
1110101001101  0
0001101001101  0
1001101001101  1
1101101001101  1
0011101001101  0
1011101001101  0
1111101001101  1
1000011001101  0
0010011001101  1
1010011001101  0
0110011001101  0
1110011001101  0
0001011001101  0
1001011001101  0
0011011001101  0
1011011001101  0
0111011001101  1
0000111001101  1
0100111001101  1
0010111001101  0
0110111001101  0
0011111001101  0
1111111001101  1
0000000101101  0
1100000101101  0
0010000101101  1
1010000101101  1
0110000101101  0
0001000101101  0
1101000101101  0
1011000101101  0
0111000101101  1
1111000101101  1
0000100101101  1
1000100101101  1
0100100101101  1
1100100101101  1
0010100101101  0
1010100101101  1
0110100101101  1
1110100101101  1
1001100101101  0
1101100101101  1
0011100101101  0
1011100101101  0
0111100101101  0
0000010101101  1
1100010101101  1
0010010101101  0
1010010101101  0
0110010101101  0
1001010101101  1
1101010101101  1
0011010101101  0
1111010101101  0
0000110101101  0
1000110101101  0
0100110101101  1
1100110101101  1
0010110101101  0
0110110101101  0
1001110101101  1
0101110101101  0
1101110101101  1
0011110101101  1
1111110101101  0
0000001101101  1
0100001101101  0
0010001101101  1
1010001101101  0
0110001101101  1
1110001101101  1
0001001101101  0
1101001101101  1
0011001101101  1
0111001101101  1
1111001101101  0
0000101101101  0
1000101101101  1
0100101101101  0
1100101101101  0
0110101101101  1
1110101101101  0
1001101101101  1
1011101101101  1
1000011101101  0
0001011101101  0
1001011101101  1
0101011101101  0
0011011101101  0
1011011101101  0
0000111101101  0
1000111101101  1
0100111101101  0
0010111101101  0
1010111101101  1
0110111101101  1
1110111101101  0
0001111101101  1
1001111101101  0
0101111101101  0
0011111101101  1
0111111101101  0
0000000011101  0
1000000011101  1
0100000011101  0
0010000011101  0
1010000011101  0
0110000011101  1
1001000011101  0
0101000011101  0
1101000011101  0
1111000011101  1
1000100011101  1
0100100011101  1
1010100011101  1
1110100011101  1
0001100011101  0
1101100011101  1
1011100011101  0
0111100011101  1
1111100011101  1
0000010011101  0
0100010011101  1
0001010011101  0
1011010011101  1
0111010011101  1
0010110011101  0
0110110011101  1
1101110011101  1
0011110011101  0
0010001011101  0
1010001011101  1
1001001011101  1
1011001011101  1
1111001011101  0
0100101011101  1
1100101011101  1
0010101011101  0
1010101011101  1
1110101011101  1
0001101011101  0
0101101011101  1
0011101011101  0
0111101011101  0
0100011011101  1
1010011011101  1
1001011011101  0
0101011011101  0
0011011011101  0
0000111011101  0
1000111011101  0
0100111011101  0
0001111011101  0
1001111011101  1
0011111011101  1
1011111011101  0
1111111011101  1
1000000111101  0
1100000111101  0
0010000111101  0
0110000111101  1
1110000111101  1
0001000111101  0
1101000111101  0
0011000111101  1
1111000111101  1
0000100111101  0
1000100111101  0
1100100111101  0
0010100111101  1
1010100111101  0
0110100111101  1
0001100111101  1
1001100111101  0
0101100111101  1
1101100111101  1
1011100111101  1
1111100111101  1
0000010111101  1
1100010111101  1
1110010111101  1
1001010111101  1
0011010111101  1
1011010111101  1
0111010111101  0
0000110111101  0
1000110111101  1
0100110111101  0
0010110111101  0
1010110111101  0
1110110111101  0
1001110111101  1
1011110111101  1
1111110111101  1
0000001111101  0
0100001111101  0
0010001111101  0
1110001111101  0
1011001111101  1
0111001111101  1
0000101111101  0
0010101111101  1
1010101111101  0
0001101111101  1
1001101111101  1
1101101111101  1
0011101111101  0
0000011111101  1
0100011111101  0
1100011111101  0
0001011111101  1
1001011111101  0
0101011111101  0
0111011111101  1
1111011111101  1
0000111111101  1
0100111111101  1
1110111111101  0
0101111111101  1
1101111111101  1
1011111111101  0
0111111111101  0
1000000000011  0
0100000000011  0
0010000000011  0
1010000000011  1
0110000000011  0
1110000000011  1
0001000000011  1
1011000000011  1
0111000000011  1
1111000000011  0
1100100000011  0
1010100000011  0
0110100000011  1
1001100000011  1
1101100000011  0
0011100000011  0
1011100000011  1
1111100000011  0
0000010000011  0
1000010000011  1
1100010000011  0
0010010000011  1
1110010000011  0
0001010000011  1
0101010000011  0
1011010000011  1
1111010000011  1
0100110000011  0
1100110000011  0
0010110000011  1
1010110000011  0
0110110000011  0
1110110000011  0
0111110000011  1
1111110000011  0
0100001000011  0
0010001000011  0
0110001000011  0
1110001000011  1
1001001000011  1
1011001000011  1
0111001000011  0
1111001000011  0
0100101000011  0
1100101000011  1
0010101000011  0
1010101000011  0
0110101000011  1
0001101000011  1
0101101000011  0
0011101000011  0
0111101000011  0
0010011000011  0
1110011000011  0
0001011000011  1
1001011000011  0
0011011000011  0
1011011000011  1
0000111000011  0
0100111000011  1
1010111000011  1
0001111000011  0
0011111000011  1
1011111000011  0
0111111000011  0
0000000100011  1
0100000100011  0
0010000100011  0
1001000100011  0
1101000100011  1
0011000100011  1
0111000100011  1
0100100100011  1
1100100100011  1
1010100100011  1
1110100100011  1
0101100100011  0
1101100100011  1
0011100100011  0
1011100100011  0
0111100100011  0
1111100100011  0
1000010100011  0
0100010100011  1
0110010100011  1
1110010100011  1
1001010100011  0
0111010100011  1
0000110100011  1
1100110100011  0
0010110100011  0
1010110100011  1
0001110100011  1
1001110100011  0
0011110100011  1
0111110100011  0
1111110100011  0
1100001100011  1
1010001100011  0
1110001100011  1
0001001100011  0
1101001100011  1
0011001100011  1
1111001100011  1
1000101100011  1
1010101100011  0
0110101100011  1
1110101100011  0
1001101100011  0
0101101100011  0
1101101100011  0
1011101100011  0
0111101100011  0
0000011100011  1
1000011100011  1
1100011100011  0
0110011100011  0
1001011100011  0
1101011100011  1
0011011100011  1
1011011100011  1
1111011100011  1
0100111100011  1
1100111100011  1
0010111100011  0
1010111100011  1
0110111100011  0
0001111100011  1
0011111100011  0
0111111100011  0
0000000010011  0
1000000010011  0
0010000010011  0
1010000010011  0
0110000010011  1
1110000010011  1
1101000010011  1
0011000010011  1
0111000010011  0
1111000010011  0
1000100010011  1
0100100010011  1
0010100010011  0
1010100010011  1
0001100010011  0
1001100010011  0
1101100010011  0
0011100010011  0
1011100010011  1
0111100010011  0
1000010010011  0
1010010010011  1
1110010010011  1
0101010010011  0
0011010010011  1
0111010010011  0
1111010010011  0
1010110010011  1
0110110010011  1
1110110010011  0
0001110010011  1
1001110010011  1
0101110010011  0
0011110010011  0
1011110010011  1
0000001010011  0
1100001010011  1
0010001010011  1
1110001010011  1
1001001010011  1
0101001010011  0
1101001010011  0
0011001010011  1
1011001010011  0
0111001010011  0
0000101010011  0
0100101010011  1
0010101010011  0
1010101010011  1
1110101010011  0
1101101010011  1
0011101010011  1
0111101010011  1
1000011010011  1
0100011010011  1
1010011010011  0
0110011010011  0
1110011010011  1
0001011010011  1
1011011010011  0
1111011010011  1
1100111010011  0
0010111010011  1
0110111010011  0
0001111010011  1
1001111010011  0
0101111010011  0
0111111010011  1
1111111010011  0
1000000110011  0
0100000110011  1
1010000110011  0
0001000110011  1
1001000110011  1
0101000110011  0
1101000110011  1
0011000110011  1
0000100110011  0
0010100110011  1
0001100110011  1
0101100110011  1
1101100110011  1
1011100110011  0
1000010110011  0
0100010110011  1
0010010110011  0
1010010110011  1
0110010110011  1
1110010110011  0
1001010110011  1
1101010110011  0
0111010110011  0
1111010110011  1
1000110110011  1
1100110110011  1
0010110110011  0
1010110110011  0
0110110110011  0
0001110110011  0
1001110110011  0
0101110110011  0
1011110110011  1
1000001110011  0
1100001110011  1
0110001110011  1
1110001110011  1
0001001110011  0
1100101110011  0
1001101110011  0
1101101110011  0
0011101110011  1
0111101110011  1
1111101110011  1
1000011110011  0
1100011110011  1
1010011110011  1
1110011110011  1
0001011110011  0
0101011110011  1
0011011110011  1
1111011110011  1
1000111110011  0
1100111110011  0
0001111110011  0
1001111110011  1
0101111110011  1
0010000001011  1
0110000001011  0
1001000001011  1
1101000001011  1
1011000001011  1
0111000001011  0
1010100001011  1
0110100001011  0
1110100001011  1
1001100001011  0
0101100001011  0
1011100001011  1
0111100001011  0
1111100001011  0
1000010001011  1
1100010001011  1
1010010001011  0
1110010001011  1
1001010001011  0
0101010001011  1
1101010001011  0
0011010001011  1
1011010001011  1
0000110001011  1
1000110001011  1
0100110001011  0
1010110001011  0
0001110001011  0
1001110001011  0
0101110001011  1
1101110001011  1
0111110001011  1
1000001001011  0
0010001001011  1
1010001001011  0
0110001001011  0
1110001001011  0
0001001001011  0
0011001001011  0
0111001001011  1
1111001001011  1
1000101001011  0
0010101001011  0
0110101001011  1
1110101001011  1
0101101001011  1
0011101001011  1
1011101001011  1
1111101001011  1
1000011001011  1
0110011001011  0
0101011001011  0
1101011001011  0
1011011001011  1
0111011001011  1
0100111001011  0
1100111001011  1
0010111001011  1
1010111001011  0
0110111001011  1
1110111001011  1
0101111001011  1
1101111001011  1
1011111001011  0
0111111001011  0
1111111001011  1
0000000101011  0
0100000101011  1
1100000101011  0
0010000101011  0
0001000101011  1
1001000101011  0
0101000101011  1
1101000101011  1
0011000101011  1
0000100101011  1
1000100101011  1
0100100101011  1
0010100101011  0
1110100101011  1
0001100101011  1
1001100101011  0
0101100101011  1
1101100101011  0
0011100101011  0
1010010101011  1
0001010101011  1
0101010101011  0
0011010101011  0
0111010101011  1
0100110101011  1
0010110101011  0
0110110101011  1
1110110101011  1
0001110101011  1
1011110101011  0
1111110101011  0
1000001101011  1
0010001101011  1
0110001101011  0
1110001101011  1
0101001101011  0
1101001101011  1
0111001101011  1
1111001101011  1
0110101101011  1
1110101101011  1
1001101101011  1
0101101101011  0
1101101101011  0
0011101101011  1
0100011101011  0
1100011101011  1
0010011101011  0
1010011101011  0
0110011101011  1
1001011101011  0
0101011101011  0
1101011101011  0
0011011101011  1
0111011101011  1
1111011101011  0
1000111101011  0
0010111101011  1
1110111101011  1
0101111101011  1
0011111101011  1
1000000011011  0
1100000011011  1
1010000011011  1
0110000011011  1
1110000011011  0
0001000011011  1
1011000011011  0
0111000011011  0
1000100011011  1
1100100011011  0
0010100011011  1
1010100011011  1
1001100011011  1
1011100011011  0
0111100011011  1
0000010011011  0
1000010011011  1
1110010011011  1
0011010011011  0
1011010011011  1
0111010011011  1
1111010011011  1
1000110011011  0
1100110011011  0
0010110011011  1
0110110011011  0
1110110011011  0
0011110011011  1
1011110011011  0
0010001011011  1
1010001011011  1
0110001011011  0
1101001011011  0
1011001011011  0
0000101011011  0
1000101011011  1
1100101011011  1
0010101011011  0
1010101011011  1
1110101011011  0
1001101011011  1
0101101011011  0
1101101011011  0
1011101011011  1
0111101011011  1
1000011011011  1
0100011011011  0
0010011011011  0
1110011011011  1
0001011011011  0
0011011011011  0
0111011011011  1
1111011011011  0
0100111011011  1
1100111011011  0
0010111011011  0
1010111011011  1
0110111011011  1
0101111011011  0
1101111011011  0
0011111011011  1
1011111011011  0
1111111011011  0
0000000111011  1
0100000111011  0
1100000111011  1
0110000111011  0
1001000111011  0
0101000111011  0
1101000111011  1
0000100111011  1
1000100111011  0
0110100111011  1
0001100111011  1
1001100111011  1
0011100111011  1
1011100111011  1
0111100111011  1
1111100111011  0
0100010111011  1
0010010111011  1
1101010111011  1
0011010111011  0
0111010111011  0
1111010111011  1
1000110111011  0
0100110111011  1
1100110111011  0
0010110111011  1
1010110111011  1
1110110111011  1
0101110111011  0
1011110111011  1
1111110111011  0
0000001111011  1
0110001111011  0
1110001111011  1
0001001111011  0
0101001111011  0
1101001111011  0
1111001111011  0
0000101111011  0
0100101111011  0
1100101111011  1
0010101111011  1
1001101111011  0
1101101111011  0
0011101111011  1
1111101111011  0
0000011111011  1
1000011111011  1
1100011111011  1
1010011111011  0
1110011111011  0
1001011111011  0
1101011111011  0
0011011111011  1
1111011111011  0
1000111111011  0
0100111111011  0
1010111111011  1
1001111111011  0
0011111111011  1
1000000000111  1
1100000000111  1
0110000000111  1
1110000000111  1
0101000000111  0
0011000000111  1
0111000000111  1
1000100000111  1
1100100000111  0
0010100000111  1
0110100000111  1
0001100000111  1
1001100000111  1
0101100000111  0
1101100000111  1
0011100000111  0
1011100000111  0
1111100000111  1
1000010000111  0
0100010000111  1
1100010000111  1
1110010000111  1
0001010000111  1
1001010000111  1
1011010000111  0
0111010000111  1
1111010000111  0
0100110000111  1
1100110000111  0
1010110000111  0
0110110000111  0
1110110000111  1
0001110000111  0
1101110000111  1
0111110000111  0
1111110000111  0
0000001000111  0
0100001000111  0
1100001000111  0
0010001000111  1
0110001000111  1
1110001000111  0
0001001000111  1
0011001000111  1
1011001000111  0
1000101000111  1
1100101000111  0
0010101000111  1
1010101000111  1
0110101000111  0
1110101000111  0
0001101000111  0
0101101000111  1
0011101000111  0
1011101000111  0
0111101000111  0
1111101000111  0
1000011000111  0
0100011000111  1
1010011000111  1
1110011000111  1
0001011000111  1
0101011000111  1
1101011000111  0
0011011000111  0
1011011000111  0
0111011000111  0
1111011000111  1
0000111000111  1
1100111000111  0
0010111000111  0
0110111000111  1
0001111000111  1
0101111000111  0
1101111000111  0
0011111000111  0
1011111000111  1
0100000100111  1
0010000100111  1
0110000100111  0
1110000100111  0
0101000100111  0
0011000100111  0
1011000100111  0
0111000100111  1
1111000100111  1
0000100100111  0
1100100100111  1
0010100100111  1
1010100100111  0
1110100100111  0
0001100100111  0
1011100100111  0
1111100100111  0
1000010100111  1
1100010100111  1
1010010100111  1
0110010100111  0
1110010100111  1
1001010100111  0
0101010100111  0
1101010100111  0
0011010100111  0
0111010100111  0
1111010100111  0
0000110100111  0
1000110100111  1
1100110100111  1
0110110100111  1
0001110100111  0
1001110100111  1
1111110100111  0
1000001100111  1
0100001100111  0
1010001100111  1
0110001100111  0
1110001100111  1
0001001100111  1
1001001100111  1
0101001100111  1
1111001100111  0
1100101100111  1
0010101100111  0
0110101100111  0
1110101100111  1
1001101100111  1
1101101100111  0
1000011100111  1
0100011100111  0
1100011100111  0
0010011100111  1
0110011100111  0
0101011100111  1
1101011100111  1
0011011100111  0
1011011100111  0
0111011100111  1
1000111100111  1
0101111100111  1
1101111100111  0
0011111100111  0
0111111100111  1
1111111100111  1
0000000010111  1
1000000010111  1
0100000010111  0
1100000010111  1
0110000010111  0
1001000010111  1
0101000010111  1
0011000010111  1
0111000010111  1
0000100010111  0
1000100010111  1
1100100010111  0
1010100010111  0
0110100010111  0
1110100010111  1
0101100010111  0
1101100010111  0
1000010010111  1
0100010010111  0
1010010010111  1
1110010010111  1
0001010010111  1
0101010010111  1
0011010010111  1
1111010010111  0
0000110010111  0
1000110010111  0
1110110010111  0
0001110010111  0
0011110010111  1
1000001010111  0
0100001010111  1
0010001010111  0
1010001010111  1
0101001010111  0
0111001010111  0
1111001010111  1
0000101010111  0
1100101010111  0
1010101010111  0
0110101010111  1
1101101010111  0
1111101010111  1
1010011010111  1
1001011010111  0
0011011010111  1
1011011010111  0
0111011010111  1
0000111010111  0
1000111010111  0
1100111010111  0
0010111010111  1
1010111010111  1
0001111010111  1
1001111010111  0
0101111010111  1
1101111010111  1
0011111010111  1
1011111010111  0
0111111010111  1
1111111010111  0
1100000110111  0
0010000110111  0
1001000110111  1
0101000110111  0
1101000110111  1
0011000110111  0
1011000110111  0
0100100110111  1
1100100110111  1
0010100110111  0
1010100110111  0
1110100110111  1
0001100110111  0
0101100110111  0
0011100110111  0
1011100110111  0
1111100110111  1
0000010110111  1
1000010110111  1
0100010110111  0
1100010110111  0
0101010110111  1
0011010110111  0
1011010110111  1
0111010110111  1
0100110110111  1
1100110110111  0
1010110110111  1
1110110110111  0
1001110110111  1
1011110110111  0
1111110110111  0
1000001110111  0
0100001110111  1
1100001110111  1
1010001110111  1
0110001110111  1
1110001110111  0
1001001110111  0
0101001110111  0
1011001110111  1
1111001110111  1
1100101110111  0
0010101110111  0
1010101110111  1
0110101110111  1
1110101110111  1
0101101110111  1
1101101110111  1
0111101110111  1
1000011110111  1
0100011110111  1
0010011110111  0
1010011110111  1
0110011110111  0
1110011110111  0
1001011110111  1
0101011110111  1
1101011110111  1
0011011110111  1
1011011110111  0
0000111110111  0
1010111110111  0
1001111110111  1
0101111110111  0
0011111110111  0
1011111110111  1
1000000001111  1
1100000001111  0
1010000001111  1
0110000001111  1
0101000001111  0
0011000001111  1
1011000001111  1
0000100001111  1
0100100001111  0
0010100001111  0
1010100001111  0
1110100001111  0
0001100001111  0
1001100001111  1
0101100001111  1
1101100001111  0
0111100001111  1
1111100001111  1
1100010001111  0
1010010001111  0
0110010001111  1
0001010001111  1
0101010001111  0
0011010001111  1
1111010001111  0
0000110001111  0
1000110001111  1
1010110001111  0
0110110001111  1
0001110001111  1
1001110001111  1
0011110001111  0
1011110001111  0
1111110001111  1
0000001001111  1
0100001001111  1
1100001001111  1
0010001001111  0
0110001001111  0
0001001001111  1
1001001001111  1
0101001001111  1
1101001001111  1
0011001001111  0
1011001001111  0
1000101001111  0
0100101001111  1
1010101001111  0
0110101001111  0
0001101001111  1
0101101001111  0
0111101001111  0
0000011001111  1
0010011001111  0
1110011001111  1
0001011001111  0
1011011001111  0
0111011001111  1
1111011001111  1
0000111001111  0
1100111001111  1
0010111001111  0
1010111001111  1
0110111001111  1
0000000101111  0
1100000101111  1
0010000101111  0
1110000101111  1
0101000101111  1
0011000101111  1
1011000101111  1
0000100101111  0
0010100101111  0
0110100101111  1
1011100101111  1
0111100101111  1
0100010101111  0
0010010101111  1
1010010101111  1
1110010101111  1
0011010101111  1
1011010101111  1
0111010101111  0
0100110101111  1
1100110101111  0
1010110101111  1
1101110101111  1
0011110101111  1
0111110101111  1
1000001101111  0
0010001101111  0
1010001101111  0
0110001101111  0
1110001101111  1
0001001101111  1
0101001101111  1
0011001101111  0
1011001101111  0
1000101101111  0
1100101101111  0
0110101101111  0
0001101101111  0
0011101101111  0
0111101101111  0
1000011101111  1
1100011101111  1
1110011101111  0
0001011101111  0
0011011101111  1
1011011101111  1
0111011101111  0
1111011101111  0
0010111101111  1
0001111101111  1
1001111101111  0
1011111101111  0
1111111101111  1
1100000011111  0
1110000011111  0
1011000011111  1
0111000011111  1
1111000011111  1
0000100011111  0
1110100011111  0
1101100011111  1
0011100011111  0
1011100011111  1
0111100011111  1
0000010011111  1
1000010011111  0
0100010011111  0
1100010011111  1
1010010011111  0
0110010011111  1
0001010011111  1
0101010011111  0
1101010011111  1
0011010011111  0
1011010011111  1
1111010011111  0
0000110011111  1
0010110011111  1
1010110011111  1
0001110011111  0
1001110011111  0
0011110011111  1
1100001011111  1
0010001011111  0
0110001011111  1
0001001011111  0
1001001011111  0
1011001011111  1
1111001011111  0
1100101011111  0
0110101011111  1
0001101011111  0
1001101011111  0
0101101011111  1
0011101011111  0
1011101011111  0
0111101011111  1
1111101011111  0
1100011011111  1
0110011011111  1
1110011011111  1
0001011011111  0
1001011011111  1
0101011011111  0
1111011011111  0
1000111011111  1
1010111011111  1
0001111011111  0
0111111011111  0
1000000111111  1
0100000111111  0
1110000111111  1
0001000111111  1
1001000111111  0
1101000111111  0
0111000111111  1
1100100111111  0
0010100111111  1
0101100111111  1
0011100111111  1
1111100111111  0
0010010111111  1
1010010111111  0
1110010111111  1
0001010111111  1
0011010111111  0
1011010111111  0
0111010111111  1
1111010111111  0
1000110111111  1
0100110111111  1
1100110111111  0
0010110111111  1
1010110111111  1
0110110111111  0
1110110111111  0
0101110111111  1
1101110111111  1
0111110111111  0
1000001111111  0
0100001111111  1
0001001111111  0
1001001111111  0
0101001111111  0
0111001111111  0
0000101111111  0
0100101111111  1
0010101111111  0
0110101111111  1
1110101111111  1
0001101111111  1
1001101111111  0
0101101111111  1
1101101111111  0
0011101111111  0
0111101111111  1
0000011111111  0
0100011111111  0
0010011111111  0
1010011111111  0
1001011111111  1
0101011111111  1
0011011111111  1
0111011111111  1
0000111111111  1
1100111111111  0
0010111111111  0
1110111111111  1
0001111111111  0
1101111111111  0
0011111111111  0
1011111111111  1
0000000000010  1
1100000000010  0
1010000000010  1
1001000000010  0
0101000000010  0
1101000000010  0
0011000000010  1
1111000000010  1
1000100000010  1
0100100000010  0
1100100000010  1
1010100000010  1
1110100000010  1
0001100000010  1
1001100000010  1
1101100000010  0
0011100000010  1
1011100000010  0
0111100000010  0
0000010000010  0
1000010000010  0
0100010000010  0
0010010000010  0
1110010000010  0
1001010000010  0
0101010000010  0
1011010000010  1
0111010000010  1
1111010000010  0
0000110000010  1
0010110000010  1
1010110000010  1
0110110000010  1
0111110000010  1
1111110000010  1
1100001000010  0
1110001000010  0
0001001000010  0
1001001000010  0
0101001000010  0
1101001000010  1
0011001000010  0
1011001000010  0
0111001000010  0
1111001000010  1
0000101000010  1
1000101000010  1
0100101000010  0
1100101000010  1
0110101000010  0
1110101000010  0
0001101000010  0
0101101000010  1
1011101000010  0
0111101000010  1
1111101000010  1
0000011000010  1
1000011000010  1
0100011000010  1
0010011000010  1
1010011000010  1
0101011000010  1
1101011000010  1
1111011000010  0
0100111000010  1
1100111000010  1
0010111000010  0
1010111000010  1
1001111000010  1
1101111000010  0
1111111000010  0
0000000100010  1
0100000100010  1
0110000100010  0
1110000100010  0
0001000100010  0
0101000100010  1
1101000100010  1
0011000100010  0
1011000100010  1
1111000100010  1
0000100100010  0
1100100100010  1
0010100100010  0
1110100100010  0
0001100100010  0
1001100100010  1
0101100100010  0
1101100100010  1
0011100100010  1
0111100100010  1
1111100100010  1
1100010100010  0
0010010100010  0
0110010100010  1
0101010100010  1
0011010100010  0
0111010100010  0
0000110100010  0
1000110100010  1
1100110100010  0
0001110100010  1
1001110100010  1
1101110100010  1
0011110100010  1
1111110100010  1
0000001100010  0
1000001100010  0
1010001100010  1
0101001100010  0
1011001100010  0
0111001100010  0
1111001100010  0
0000101100010  1
1100101100010  1
0010101100010  1
1010101100010  1
0110101100010  1
1110101100010  1
1001101100010  1
1110011100010  0
1101011100010  1
0011011100010  0
0111011100010  1
0000111100010  0
1000111100010  1
0100111100010  0
0010111100010  1
1010111100010  0
0001111100010  1
1001111100010  0
0011111100010  1
1011111100010  1
1111111100010  0
1100000010010  1
1010000010010  0
0001000010010  1
1001000010010  0
0101000010010  0
1101000010010  1
1011000010010  0
0111000010010  1
0000100010010  1
1000100010010  0
0100100010010  1
1100100010010  0
0010100010010  0
1010100010010  0
1110100010010  1
0011100010010  0
0111100010010  1
1111100010010  0
0000010010010  1
1000010010010  1
0110010010010  0
1110010010010  0
0011010010010  0
1011010010010  0
0000110010010  1
1000110010010  1
1100110010010  0
0010110010010  1
1010110010010  1
0001110010010  1
1101110010010  0
0011110010010  1
0111110010010  1
1100001010010  0
0110001010010  1
1110001010010  0
0001001010010  0
0011001010010  0
1011001010010  1
0111001010010  0
0000101010010  0
1000101010010  0
0100101010010  0
0110101010010  1
1110101010010  1
0101101010010  1
0011101010010  0
1011101010010  1
0111101010010  0
1111101010010  0
0000011010010  0
1000011010010  1
1010011010010  1
1110011010010  0
0001011010010  1
1001011010010  0
1101011010010  0
0111011010010  0
1111011010010  0
0010111010010  1
0110111010010  1
1101111010010  1
1011111010010  1
1000000110010  1
1100000110010  0
0010000110010  0
0110000110010  0
1110000110010  1
0101000110010  1
1101000110010  0
0111000110010  0
0000100110010  0
1000100110010  0
0100100110010  1
0010100110010  0
0001100110010  1
0101100110010  0
0111100110010  1
1111100110010  1
1000010110010  1
0100010110010  0
0001010110010  1
1101010110010  1
1011010110010  1
0111010110010  0
1111010110010  1
1010110110010  0
0001110110010  0
0011110110010  1
1011110110010  1
0111110110010  0
1111110110010  1
0000001110010  1
1100001110010  1
1010001110010  0
1110001110010  1
1001001110010  1
1101001110010  1
0011001110010  1
1011001110010  1
1000101110010  1
1100101110010  1
0010101110010  1
1010101110010  1
0110101110010  0
1001101110010  0
0101101110010  1
0011101110010  1
1011101110010  0
0111101110010  0
1010011110010  0
1110011110010  1
1001011110010  0
0111011110010  1
1000111110010  0
1100111110010  1
0010111110010  0
0101111110010  0
1011111110010  0
0111111110010  1
1111111110010  1
0000000001010  0
1000000001010  1
1100000001010  0
1010000001010  1
1110000001010  0
1101000001010  1
1011000001010  0
0111000001010  0
1111000001010  0
0000100001010  0
1100100001010  0
1010100001010  1
1110100001010  0
0001100001010  1
1001100001010  1
1101100001010  1
0011100001010  0
1011100001010  0
0111100001010  1
1111100001010  1
1010010001010  0
0110010001010  1
0001010001010  0
1001010001010  0
1011010001010  1
1000110001010  1
0100110001010  0
0001110001010  0
1101110001010  0
0011110001010  1
1011110001010  1
0111110001010  0
1000001001010  0
1100001001010  1
1010001001010  1
1110001001010  1
1001001001010  0
0101001001010  0
0011001001010  0
0111001001010  1
1111001001010  0
1000101001010  1
1100101001010  1
0010101001010  0
0110101001010  1
0001101001010  0
1101101001010  0
1011101001010  1
0111101001010  0
1111101001010  0
0000011001010  0
1100011001010  1
1010011001010  1
0110011001010  0
1001011001010  1
1101011001010  0
1011011001010  1
1111011001010  1
1000111001010  1
0100111001010  1
1100111001010  0
1010111001010  1
1110111001010  1
0011111001010  1
1111111001010  0
0000000101010  0
0100000101010  0
1010000101010  1
1110000101010  0
0001000101010  1
0101000101010  1
1101000101010  0
0011000101010  1
1011000101010  1
0111000101010  1
0000100101010  1
1000100101010  1
0100100101010  1
0010100101010  1
1010100101010  1
0101100101010  1
1011100101010  0
1111100101010  1
0100010101010  0
1100010101010  1
1010010101010  1
1111010101010  0
1000110101010  0
1100110101010  0
0010110101010  0
1010110101010  0
1110110101010  0
1001110101010  1
0101110101010  0
1101110101010  0
1011110101010  0
1000001101010  1
0100001101010  1
1100001101010  0
1010001101010  1
1110001101010  1
1101001101010  1
1111001101010  1
0000101101010  1
1000101101010  1
0100101101010  1
0101101101010  1
1101101101010  1
0011101101010  0
1011101101010  1
0111101101010  0
0000011101010  1
1000011101010  1
1100011101010  0
0010011101010  0
1110011101010  1
1001011101010  0
0101011101010  0
1011011101010  1
1000111101010  1
1110111101010  1
1101111101010  1
0011111101010  1
1011111101010  0
1111111101010  0
0000000011010  0
1000000011010  0
0110000011010  0
1101000011010  1
0011000011010  0
1011000011010  1
1111000011010  1
0100100011010  1
1100100011010  0
0110100011010  0
1110100011010  1
0001100011010  0
1001100011010  1
0101100011010  0
1101100011010  0
0011100011010  0
1111100011010  1
1000010011010  1
0100010011010  0
1100010011010  0
1110010011010  0
0001010011010  0
1001010011010  1
0101010011010  1
1101010011010  0
1011010011010  1
1111010011010  1
1000110011010  0
0100110011010  1
1110110011010  1
0001110011010  1
1101110011010  0
1011110011010  0
1000001011010  1
0100001011010  1
0001001011010  0
0101001011010  0
1101001011010  0
0011001011010  1
1011001011010  1
1111001011010  1
0000101011010  1
1010101011010  0
1001101011010  0
0101101011010  1
1101101011010  1
0111101011010  1
0000011011010  0
1000011011010  0
0100011011010  1
0010011011010  0
1010011011010  0
0110011011010  1
0001011011010  0
1101011011010  1
1011011011010  0
0111011011010  1
1000111011010  1
0100111011010  1
1100111011010  1
0010111011010  1
0110111011010  1
1110111011010  1
0001111011010  0
0011111011010  0
1000000111010  1
0100000111010  1
1010000111010  0
0001000111010  0
1001000111010  1
0101000111010  0
1011000111010  1
0111000111010  0
1000100111010  1
0100100111010  0
1100100111010  0
0110100111010  1
1110100111010  1
1001100111010  1
0101100111010  0
0011100111010  0
1011100111010  0
0000010111010  1
0100010111010  1
1100010111010  1
0010010111010  0
1010010111010  0
0110010111010  1
0001010111010  1
1011010111010  0
0111010111010  0
1111010111010  0
1000110111010  0
0100110111010  1
1100110111010  1
0010110111010  0
0110110111010  1
1110110111010  1
0001110111010  1
1101110111010  1
0011110111010  0
1011110111010  0
0000001111010  1
1100001111010  1
0010001111010  0
0110001111010  0
1001001111010  1
0101001111010  0
1101001111010  1
0011001111010  1
0111001111010  1
1000101111010  0
1100101111010  0
0110101111010  0
1001101111010  0
0101101111010  0
1101101111010  0
0011101111010  0
1111101111010  1
1100011111010  1
0110011111010  0
1001011111010  0
0101011111010  0
1101011111010  1
0011011111010  1
1011011111010  0
1111011111010  1
0000111111010  0
1010111111010  1
0001111111010  0
1101111111010  0
1011111111010  1
1111111111010  0
1000000000110  0
0110000000110  1
0101000000110  1
1101000000110  1
0011000000110  1
0111000000110  0
1111000000110  1
0000100000110  0
0010100000110  0
1010100000110  0
0001100000110  1
1001100000110  0
1011100000110  1
0111100000110  0
1111100000110  0
1000010000110  1
0100010000110  1
1110010000110  1
0001010000110  0
0101010000110  0
1101010000110  1
1011010000110  1
0111010000110  0
0000110000110  0
0100110000110  1
0010110000110  1
1101110000110  0
0011110000110  1
0000001000110  1
1000001000110  1
1100001000110  0
1110001000110  0
1001001000110  0
0101001000110  0
0011001000110  1
1011001000110  1
0111001000110  1
0110101000110  0
1110101000110  0
1001101000110  1
1101101000110  1
0011101000110  0
0111101000110  0
1111101000110  0
0000011000110  1
1100011000110  0
1010011000110  0
0110011000110  1
0101011000110  0
0011011000110  0
1011011000110  1
1111011000110  1
1000111000110  1
0100111000110  1
0010111000110  1
1010111000110  0
0110111000110  1
0101111000110  1
0011111000110  1
1000000100110  1
0100000100110  0
1100000100110  1
0010000100110  0
1110000100110  0
1001000100110  0
0101000100110  1
0000100100110  0
1000100100110  0
0100100100110  1
1010100100110  1
0110100100110  0
0001100100110  0
1101100100110  0
0011100100110  0
1011100100110  0
0000010100110  0
0100010100110  1
0010010100110  1
1010010100110  1
1110010100110  1
0001010100110  1
1001010100110  0
0011010100110  1
0111010100110  0
1111010100110  0
0010110100110  1
0001110100110  1
1101110100110  1
0011110100110  0
1011110100110  1
1000001100110  0
0100001100110  1
1100001100110  0
0010001100110  1
1101001100110  0
0011001100110  1
0111001100110  0
1111001100110  0
1100101100110  1
1010101100110  1
0101101100110  1
1101101100110  0
0011101100110  0
0111101100110  0
1111101100110  0
1000011100110  1
0100011100110  0
1100011100110  1
1010011100110  1
0110011100110  0
1110011100110  1
1001011100110  0
0101011100110  0
0011011100110  0
0111011100110  0
1111011100110  0
1000111100110  0
0010111100110  0
1010111100110  0
1101111100110  1
0011111100110  0
1011111100110  0
0111111100110  0
1111111100110  0
0000000010110  1
1010000010110  1
1001000010110  1
1101000010110  1
0011000010110  0
1011000010110  0
0000100010110  0
1000100010110  0
0010100010110  1
1010100010110  1
1001100010110  1
0101100010110  0
1101100010110  0
0011100010110  1
0111100010110  0
0100010010110  1
0010010010110  1
1110010010110  0
0001010010110  0
0101010010110  1
1101010010110  1
0011010010110  0
0111010010110  0
0100110010110  0
0010110010110  0
1110110010110  1
0001110010110  0
0011110010110  0
1011110010110  0
0111110010110  1
1111110010110  1
0000001010110  0
0100001010110  0
0010001010110  0
1010001010110  0
0110001010110  0
1110001010110  0
1001001010110  1
1101001010110  0
1011001010110  0
1111001010110  0
0010101010110  1
1010101010110  1
0110101010110  0
0001101010110  0
1001101010110  1
0101101010110  1
0011101010110  1
1011101010110  1
1111101010110  1
0000011010110  0
1000011010110  0
0010011010110  1
0110011010110  0
0101011010110  0
1101011010110  0
0011011010110  1
1011011010110  0
0100111010110  1
1100111010110  1
0010111010110  1
0001111010110  1
0101111010110  0
1101111010110  0
0011111010110  0
1011111010110  0
0000000110110  1
0100000110110  1
0011000110110  0
1111000110110  1
1000100110110  1
1100100110110  0
0110100110110  0
0001100110110  0
1001100110110  1
0101100110110  1
0011100110110  0
1011100110110  1
0111100110110  0
1111100110110  0
0000010110110  1
1000010110110  1
0010010110110  0
1010010110110  1
0110010110110  0
0001010110110  0
0101010110110  1
1011010110110  0
0111010110110  0
1111010110110  0
0100110110110  0
0010110110110  0
1010110110110  0
0110110110110  1
1110110110110  1
0001110110110  0
0011110110110  0
0000001110110  0
0100001110110  1
1010001110110  1
0001001110110  0
1101001110110  0
1011001110110  1
0111001110110  1
0000101110110  0
0010101110110  0
1010101110110  1
0001101110110  0
0011101110110  1
0111101110110  1
1111101110110  1
0000011110110  1
1000011110110  0
0100011110110  0
1100011110110  1
0010011110110  1
1110011110110  1
0001011110110  1
1001011110110  1
1101011110110  0
1000111110110  1
1100111110110  1
0010111110110  1
0110111110110  1
1110111110110  0
1001111110110  0
1101111110110  1
1011111110110  0
0000000001110  0
1010000001110  1
1001000001110  1
1101000001110  1
0011000001110  0
0111000001110  1
1111000001110  0
0000100001110  0
1000100001110  0
1100100001110  0
0010100001110  1
1101100001110  0
0011100001110  0
1011100001110  0
0111100001110  0
0000010001110  0
1010010001110  1
0001010001110  0
0101010001110  0
1101010001110  0
0111010001110  1
1111010001110  1
0000110001110  0
1000110001110  0
0010110001110  1
1010110001110  0
1110110001110  0
0101110001110  0
0011110001110  1
1011110001110  0
1000001001110  0
0100001001110  1
1100001001110  1
1010001001110  0
1011001001110  0
0111001001110  0
0100101001110  1
1100101001110  1
0110101001110  1
1110101001110  0
0001101001110  0
1001101001110  0
0101101001110  1
1101101001110  1
0011101001110  1
1111101001110  1
0000011001110  0
0100011001110  0
1100011001110  1
0010011001110  1
1010011001110  1
0001011001110  0
1001011001110  1
1101011001110  0
0011011001110  0
1011011001110  0
0000111001110  1
1000111001110  0
0100111001110  1
1110111001110  1
0001111001110  0
1101111001110  0
0111111001110  0
0100000101110  1
0010000101110  1
0110000101110  1
1110000101110  0
0001000101110  1
1001000101110  1
1101000101110  1
0011000101110  0
1011000101110  0
1111000101110  0
0000100101110  1
1000100101110  0
1100100101110  0
0010100101110  1
1010100101110  0
0110100101110  0
1101100101110  0
0011100101110  0
1111100101110  1
0000010101110  0
1000010101110  1
1010010101110  1
0110010101110  1
1001010101110  0
0111010101110  0
0000110101110  0
1100110101110  1
0110110101110  1
1001110101110  0
0101110101110  0
1101110101110  0
1011110101110  0
0111110101110  1
0000001101110  0
0100001101110  0
1100001101110  1
1010001101110  1
0110001101110  0
0011001101110  1
1011001101110  0
0000101101110  0
0100101101110  0
1100101101110  0
1010101101110  0
0110101101110  1
0001101101110  0
1011101101110  0
0111101101110  0
1111101101110  0
1000011101110  0
0100011101110  0
1010011101110  1
0110011101110  1
1110011101110  1
1001011101110  0
1101011101110  1
1011011101110  1
1000111101110  0
0010111101110  1
0110111101110  1
1001111101110  0
1101111101110  0
0111111101110  1
1111111101110  1
1000000011110  0
1100000011110  1
0010000011110  1
0101000011110  1
1101000011110  0
0011000011110  0
1011000011110  0
1010100011110  1
0110100011110  0
1110100011110  0
0101100011110  1
0011100011110  0
1011100011110  1
0111100011110  0
1111100011110  1
1000010011110  1
1010010011110  1
0001010011110  0
1001010011110  1
1101010011110  1
0011010011110  0
1011010011110  0
0111010011110  0
1111010011110  0
0100110011110  1
1100110011110  1
1010110011110  0
1110110011110  0
0101110011110  0
1011110011110  0
0111110011110  0
0100001011110  1
1100001011110  0
1010001011110  0
0110001011110  0
0001001011110  0
0011001011110  0
1011001011110  0
0111001011110  1
0000101011110  0
1000101011110  1
0110101011110  1
0101101011110  0
0111101011110  0
0000011011110  0
1010011011110  1
1110011011110  0
1001011011110  0
1111011011110  1
0000111011110  1
0010111011110  0
1010111011110  0
1110111011110  0
0001111011110  0
1001111011110  0
0101111011110  0
1101111011110  1
1011111011110  1
0111111011110  1
0000000111110  0
1000000111110  1
0100000111110  0
1010000111110  1
0101000111110  1
1011000111110  1
0000100111110  1
1100100111110  0
0010100111110  0
0110100111110  0
1110100111110  1
0001100111110  0
1101100111110  0
1011100111110  0
0111100111110  1
1000010111110  0
1100010111110  1
1001010111110  1
0111010111110  1
0000110111110  1
1000110111110  0
1100110111110  1
0010110111110  1
0110110111110  0
1110110111110  0
0001110111110  0
0101110111110  0
0011110111110  0
1011110111110  1
1111110111110  0
0000001111110  1
0100001111110  1
1100001111110  0
0010001111110  0
0110001111110  0
1110001111110  1
0001001111110  0
1001001111110  0
1101001111110  1
0111001111110  1
0100101111110  1
1100101111110  1
0110101111110  0
0001101111110  1
1101101111110  0
0011101111110  0
1000011111110  0
1100011111110  1
0010011111110  0
1001011111110  1
0101011111110  1
0011011111110  0
0111011111110  0
1111011111110  1
0100111111110  0
0010111111110  1
0110111111110  1
1110111111110  1
0001111111110  0
0011111111110  1
