01011000000000  1
10010110000000  0
01110101000000  1
10011101000000  0
01110011000000  0
11001011000000  0
11111011000000  0
10110000100000  1
00101010100000  0
01000110100000  1
00010101100000  1
00111101100000  0
10001011100000  1
00011111100000  1
10011000010000  1
11100100010000  1
11111010010000  0
01110001010000  0
10101111010000  0
00101110110000  1
01001011110000  1
00000010001000  1
11001110001000  0
00000100101000  1
01101100011000  1
00100010011000  0
11000100111000  1
11100010111000  1
11000110111000  0
01110110111000  0
11011101111000  0
11000011111000  1
10100111111000  0
00101000000100  0
11111000000100  1
11101010000100  0
00111010000100  1
01000001000100  1
01000101000100  0
10110101000100  1
00001101000100  1
01000011000100  1
00110011000100  0
00010111000100  0
00100100100100  1
11001100100100  0
11011100100100  1
10010100010100  1
10111100010100  1
01011110010100  0
00010001010100  1
01010011010100  1
01001011010100  0
11011110110100  0
10110101110100  0
00010111110100  1
01101000001100  1
00001110001100  1
01001110001100  1
00110000101100  0
00011100101100  1
11000010101100  0
10101010101100  1
01000111101100  1
11110011011100  1
00110000111100  1
11110000111100  0
01110010111100  1
01001010111100  1
00001001111100  1
11011001111100  1
01001101111100  0
00111111111100  0
00001100000001  1
00011100000001  1
10011101000001  0
10110100100001  0
01011100100001  0
11110010100001  1
10100110100001  0
00111001100001  0
00110111100001  1
00110000010001  1
01011100010001  1
11010010010001  1
00110110010001  0
10010011010001  1
00001100110001  0
01001001110001  1
00101001110001  1
00011001110001  0
10001011110001  1
00101011110001  1
00010100001001  1
01001010001001  0
11000110001001  1
01100111001001  0
11101010101001  1
00000000011001  1
11110110011001  0
10000001011001  0
01001111011001  0
11101100111001  0
01011010111001  1
01110110111001  1
01001001111001  1
10100011111001  1
11111000000101  1
11011100000101  0
01001010000101  0
00101001000101  0
00010101000101  0
11101011000101  1
01001000100101  0
11011000100101  0
11011100100101  0
11000110100101  0
11101001100101  0
11011001100101  1
11001100010101  0
11011101010101  1
01101011010101  0
01101100110101  0
00010010110101  0
00001110110101  1
01011110110101  1
00010001110101  1
00110001110101  1
11011101110101  1
00011011110101  1
10000111110101  1
00100111110101  1
11110010001101  0
10010001001101  0
10110001001101  0
10100001101101  0
01101010011101  1
10100110011101  1
00011110011101  0
10111101011101  1
11110000111101  0
11001100111101  0
00100001111101  1
00010001111101  1
01101101111101  1
00111011111101  1
11111011111101  1
01101111111101  0
01100000000011  0
10111000000011  1
00011010000011  0
11101101000011  1
01111011000011  0
10000100100011  0
11100100100011  1
10011100100011  1
00100010100011  0
01101010100011  0
11000001100011  0
00001001100011  1
01101011100011  0
01100100010011  0
00010110010011  1
11100101010011  1
01001100110011  0
10100010110011  1
00110010110011  1
00111001110011  0
01010111110011  0
11111000001011  1
00111100001011  1
00010010001011  0
10011010001011  1
10111101001011  1
01110110101011  0
11001110101011  0
00101110101011  1
11010101101011  0
01110101101011  1
11001000011011  0
00100001011011  1
11111101011011  1
00110000111011  0
10111010111011  1
01111101111011  0
11100111111011  0
11101111111011  1
00101111000111  0
01101111000111  0
01001100100111  1
10110010100111  0
01001010100111  0
11000110100111  1
10100110100111  1
00011110100111  0
00010101100111  1
11000011100111  1
01001011100111  1
00000000010111  1
10110000010111  0
01100100010111  1
10001010010111  1
01000101010111  1
01010101010111  1
10111011010111  0
10000110110111  0
10010110110111  1
00101000001111  0
11101110001111  1
10111110001111  1
01111110001111  1
11000001001111  0
10101001001111  1
00101101001111  1
11010111001111  0
01010010101111  1
10010110101111  0
00011001101111  0
10110010011111  1
01001111011111  1
10101110111111  1
00110001111111  1
10101001111111  0
01011001111111  1
01100011111111  0
01101011111111  1
10011011000010  0
11001110100010  1
01011100010010  0
00111100010010  0
11110010010010  0
10111010010010  1
00100101010010  0
01101110110010  0
01000111110010  0
10000011001010  1
01100000101010  1
10010010101010  1
01010110101010  0
10101111101010  0
00101110011010  0
11100011011010  1
00001111011010  0
11110010111010  0
00100110111010  1
11110011111010  0
10011111111010  1
00000110000110  0
00100110000110  0
01001011000110  0
11101000100110  1
01011100100110  0
10001010100110  0
00010101100110  0
10011011100110  1
00010111100110  0
11011110010110  1
01001010110110  1
11010110110110  0
00101001110110  0
10000011110110  1
10110100001110  1
11001010001110  0
00000110001110  0
00111111001110  1
11010100101110  1
01111100101110  0
11101110101110  0
11100101101110  0
01001101101110  1
00111011101110  0
10111100011110  1
01101010011110  1
01111101011110  1
00010011011110  1
01001011011110  0
10011000111110  0
00111000111110  1
