00101100010000000  0
00110101010000000  0
11011110101000000  1
11110010011000000  0
01100100010100000  1
01111001010100000  1
00111101001100000  1
10011111001100000  1
00010010101100000  1
01100001101100000  0
10001001101100000  0
11100011101100000  0
10100100010010000  0
11000000110010000  1
00101101110010000  0
10011101011010000  0
00000011011010000  0
11111010111010000  1
00100010000110000  0
10101011110110000  1
01110100001110000  0
10000011000001000  0
10001100100001000  0
00011101110001000  1
10011110001001000  0
01010100101001000  0
00110010011001000  1
11000111011001000  0
01000001111001000  0
00111111111001000  0
00001111000101000  1
10000011100101000  0
11111010010101000  0
00011100110101000  0
10100000101101000  0
01010000101101000  0
00010100101101000  1
11111100101101000  0
10001101101101000  0
11010100011101000  1
01010001000011000  1
00011010001011000  0
00101110001011000  0
01100010101011000  0
00110010011011000  0
00101001011011000  1
01001001111011000  1
01011101111011000  0
10011111000111000  0
10010000100111000  0
00000101010111000  0
00001001001111000  1
00111001101111000  1
00100101011111000  1
00011111111111000  1
00001100000000100  1
00101010100000100  1
00001110010000100  1
01000001001000100  1
01100111101000100  0
10001001011000100  0
01100110111000100  1
01011011111000100  1
11111000010100100  1
11101010010100100  1
00101101010100100  0
10000011010100100  1
00110101001100100  1
10010000101100100  0
00011000011100100  1
11110101011100100  0
00111000111100100  1
11010011111100100  1
01101011000010100  0
01001001100010100  1
00101011100010100  1
10010000010010100  1
00111001010010100  0
10101001110010100  1
10010100001010100  0
00011011101010100  0
10101010100110100  0
01100110100110100  1
00001001100110100  0
01000111100110100  0
11111100010110100  1
10011001001110100  1
01011001101110100  0
11111011101110100  0
00001110111110100  0
10000000100001100  0
11101010010001100  1
00100100001001100  0
01111100001001100  1
01101100101001100  0
01111011011001100  1
11100001111001100  1
11000111000101100  0
01011111100101100  0
00000000010101100  0
11010100010101100  0
10110000110101100  0
00110101011101100  1
10001011011101100  0
01010000111101100  1
10001100111101100  0
01011110000011100  0
00101011000011100  1
10010101100011100  0
00111100010011100  1
01011010110011100  1
10010100001011100  0
10101010001011100  0
00001000101011100  0
01011100101011100  1
00111101101011100  1
10110111011011100  1
11011111011011100  0
11101100111011100  1
00110101100111100  0
00001111100111100  0
11000001001111100  1
01100010011111100  1
10110001000000001  1
00000100010000001  1
01011100110000001  1
10110111001000001  0
10110011011000001  1
11111100111000001  0
10001011000100001  0
01010111000100001  1
01111100001100001  1
01000010011100001  0
01100101011100001  1
01100111011100001  1
01011000111100001  1
01001010111100001  1
11010010000010001  1
10000001100010001  1
10000110010010001  0
01100110010010001  0
10011000110010001  1
01011110110010001  0
11010110001010001  0
00110001101010001  1
11001111011010001  1
01000100111010001  1
11000010111010001  0
10000001000110001  0
10110111000110001  1
01000100010110001  0
10110010010110001  0
10000101010110001  0
00111011110110001  1
10101100001110001  1
00011000101110001  1
01001000011110001  0
01011110011110001  0
10100100111110001  0
10100101111110001  0
01101101111110001  1
10111010000001001  1
10011011100001001  1
11000000110001001  1
01110010110001001  1
01110100001001001  1
00001010101001001  1
11110001101001001  0
01010111101001001  0
01011110111001001  1
10001001000101001  1
11011011000101001  0
10000010010101001  1
10011110101101001  1
11100001101101001  1
01000001111101001  0
11010010001011001  0
11110110101011001  0
01110010111011001  1
00011001100111001  0
10101011100111001  1
10010111001111001  1
00010100101111001  1
00011101101111001  1
11001110011111001  1
11100101011111001  1
10110001111111001  1
00010011010000101  1
01101111010000101  1
00001110110000101  0
00000010101000101  0
11111011101000101  1
10000111101000101  1
11010001011000101  1
10100001111000101  0
01001110100100101  0
00011100110100101  1
01100001110100101  1
10111110001100101  1
10010100101100101  0
01110101011100101  1
01111010100010101  0
00001011100010101  0
11011001010010101  1
01100101001010101  0
10011001000110101  1
00111010100110101  0
00000111100110101  0
01010011010110101  0
10101101110110101  0
11001111110110101  0
10010011001110101  0
10000111011110101  1
10001101111110101  0
01010110100001101  1
10101101010001101  0
10110001110001101  0
10011111110001101  1
00001010001001101  1
11010110001001101  1
11011000101001101  0
10111000101001101  0
01110100101001101  1
01001110000101101  1
00011000010101101  1
01010010010101101  0
10011010010101101  1
01110100110101101  0
01001110110101101  0
11110111110101101  1
01110001001101101  0
10110001101101101  1
01101000100011101  1
11111100100011101  0
01110010100011101  0
01101010110011101  1
10000001110011101  1
01010111001011101  0
01111011011011101  0
11000000010111101  0
11010100010111101  1
00011000001111101  1
00011100001111101  1
10001111001111101  1
00001010101111101  0
11101111011111101  1
11011111011111101  1
01110111100000011  0
10011110010000011  0
01001011010000011  0
10111001110000011  0
00110011001000011  0
01101001011000011  1
11011001011000011  0
00011101011000011  1
01110101111000011  0
01100111110100011  1
01000110001100011  0
01011001001100011  1
00010011101100011  1
11111001011100011  1
11101101011100011  1
01010011111100011  0
10000101000010011  0
01011001100010011  0
11100111010010011  1
01111101110010011  0
11100111001010011  0
11101111101010011  0
10010110011010011  1
11011000000110011  0
00110110100110011  1
11101111010110011  0
11110100110110011  0
00010001001110011  0
10100100011110011  0
00010100011110011  0
01110010111110011  1
10001110111110011  0
11000100000001011  1
10000001000001011  0
11110001000001011  0
11000011110001011  1
00000111110001011  0
10101011011001011  0
00101111000101011  1
10111111000101011  1
11111111000101011  1
11101100100101011  0
11100000110101011  1
10011110110101011  1
00011011110101011  1
10001100001101011  0
01010100111101011  1
10101010111101011  0
11000011111101011  0
01010011100011011  0
01000110010011011  1
00110100001011011  1
01011011101011011  1
11111001011011011  1
11000000111011011  0
11010100000111011  0
00001110000111011  0
00001101100111011  1
00111111100111011  1
01000100110111011  1
10110100110111011  0
10011100110111011  1
01010101110111011  1
11111001101111011  1
11001100011111011  1
10000010011111011  1
10111111011111011  1
00010110100000111  1
11111100110000111  0
11111000011000111  0
01110100011000111  0
10111110011000111  0
00111101011000111  1
11001011111000111  1
00000011000100111  0
11111000100100111  1
00100000110100111  0
01101100110100111  0
00011011110100111  1
01000011001100111  1
10111100101100111  1
00100001111100111  0
00101101000010111  0
01100011100010111  0
10110111100010111  0
01100001110010111  0
11111111110010111  0
11001111001010111  1
00001011011010111  0
11100111011010111  0
01010111011010111  0
00000010111010111  1
01101011111010111  1
10101011000110111  0
01111011000110111  1
01111110010110111  0
00110100110110111  1
11111000101110111  0
11001100101110111  0
00100010101110111  0
00000110101110111  0
01110000011110111  0
00001000111110111  0
01110111100001111  1
11101100010001111  1
10101010010001111  0
01111011110001111  0
10010110001001111  1
10100111001001111  0
10001100011001111  1
10101010111001111  0
11010111111001111  1
00101010100101111  0
11000001010101111  0
11010000001101111  1
10011000001101111  1
01001001001101111  0
00001010101101111  1
11011011101101111  0
11000110111101111  1
01100011000011111  0
10010010110011111  0
01001111110011111  0
00101000001011111  1
01001110111011111  1
00100011111011111  0
10001111111011111  1
10011110100111111  1
10000101100111111  1
00000011010111111  1
01111100101111111  0
10111001011111111  0
10001111000000010  1
11010000100000010  0
01100110100000010  0
01100010010000010  1
10000011010000010  0
10010001110000010  1
10111000101000010  0
11110111011000010  1
00000000111000010  1
10100100111000010  0
10010100111000010  0
11100001111000010  1
01101011111000010  1
10000111111000010  0
01101100000100010  1
01010010110100010  1
01001010101100010  1
00000110011100010  0
00001010111100010  1
10101001000010010  0
10100000010010010  1
01100011110010010  1
10010110001010010  1
11110111001010010  0
10000010011010010  1
01000001011010010  0
00101100000110010  1
11100001000110010  1
11001100110110010  1
01101010001110010  0
00011001001110010  0
10010111000001010  1
10010110100001010  0
11111011110001010  0
01010110000101010  1
01011101000101010  1
00010110100101010  0
01111010110101010  1
01010100001101010  0
00100000101101010  1
11011010000011010  0
11100001110011010  1
00111000001011010  0
01101111001011010  0
10101010101011010  0
00101001101011010  0
10001011101011010  0
10000111101011010  0
00001011111011010  0
01100000000111010  1
10110001110111010  1
00000101001111010  1
10111101000000110  0
10101100110000110  1
11110011101000110  1
11000100011000110  0
01011011011000110  1
00110011111000110  0
11000001010100110  1
10100011010100110  0
00001110110100110  0
10001010101100110  1
01110001011100110  1
01100111011100110  1
11100000111100110  0
00010000100010110  0
10100101100010110  1
01101110010010110  1
10110101010010110  1
10110110110010110  0
11100001110010110  1
01110101110010110  1
01001000000110110  1
11111010000110110  1
10000111010110110  0
10101110001110110  0
10001000101110110  0
00000000011110110  0
00100000011110110  1
00100001111110110  0
11011001000001110  1
11101101010001110  0
11011010110001110  1
11000011110001110  1
00100101001001110  1
00010011001001110  0
01001000101001110  0
01010000111001110  0
10101111111001110  0
10111110010101110  0
01000000110101110  1
01010011110101110  1
01011000001101110  0
10100101101101110  0
00001100011101110  1
01011000111101110  1
00111101111101110  0
11110001000011110  1
01100101010011110  1
00010101010011110  1
11100001001011110  1
01000011001011110  0
10000011011011110  0
01000100111011110  0
00100010111011110  1
10111011111011110  1
01001110100111110  1
11001011010111110  1
00111011010111110  1
11010110110111110  0
01100011110111110  0
10000001001111110  1
10111001101111110  1
01111111111111110  0
