00000000  0
10000000  0
10100000  0
01100000  1
00010000  0
01010000  0
11010000  0
00110000  1
10110000  0
00001000  1
10001000  0
00101000  0
10101000  0
11101000  1
00011000  1
01011000  0
11011000  1
00111000  1
10111000  1
01111000  0
11111000  1
00000100  0
00100100  0
10100100  0
01100100  0
11100100  1
10010100  1
01010100  0
11010100  1
10110100  1
11110100  0
00001100  1
10001100  0
01001100  1
00101100  1
10101100  1
11101100  1
10011100  1
00111100  0
00000001  1
01000001  1
11100001  0
01010001  0
10110001  1
01110001  0
11110001  0
00001001  0
01101001  0
10011001  0
00111001  0
10000101  1
01000101  0
11000101  1
00010101  0
10010101  0
01010101  1
10110101  0
01110101  0
10001101  1
11001101  1
10101101  1
01101101  1
10011101  0
01011101  0
11011101  1
00000011  1
10000011  0
01000011  0
11100011  0
11010011  0
10001011  1
11001011  1
00101011  0
01101011  1
11101011  1
10011011  0
01011011  0
00111011  1
00000111  1
11000111  1
00100111  1
10100111  1
11100111  0
00010111  0
01010111  0
11010111  0
01110111  1
10001111  1
01001111  0
11001111  0
01101111  1
11111111  1
00000010  1
10000010  0
10100010  1
01100010  0
00010010  0
01010010  0
10110010  1
00001010  0
00101010  0
11101010  0
11011010  1
01111010  1
10000110  0
11000110  1
10100110  1
01010110  1
11010110  1
00110110  0
10110110  1
11110110  1
10001110  1
10101110  0
00011110  0
