0000000  0
0100000  0
0010000  1
1010000  1
1001000  1
0101000  1
1101000  1
0011000  1
1011000  1
1111000  1
1000100  1
0100100  0
1100100  0
0010100  1
1010100  0
0001100  1
1001100  0
0101100  0
1011100  1
1100001  1
1010001  1
1110001  1
1001001  1
0111001  0
0000101  1
0100101  1
1100101  1
0010101  1
1010101  1
0001101  0
1001101  0
0011101  0
1011101  0
1111101  0
0000011  1
1100011  1
1010011  0
1110011  0
0001011  1
1001011  1
0011011  1
1111011  1
1100111  1
0010111  0
1110111  0
0001111  1
1101111  1
0011111  1
1011111  0
1000010  0
0010010  1
1110010  0
1001010  1
0101010  1
0011010  0
0111010  1
0100110  1
1100110  1
1010110  1
0110110  1
1110110  1
0101110  1
0011110  0
1011110  1
